OpCode	ImagePtPair	Index	Lx	Ly	Rx	Ry
POC13004	0	0	94.95183	655.89041	13.56455	663.28767
POC13004	1	0	723.27387	777.76119	566.12802	753.58209
POC13004	2	0	1484.82686	711.96269	1426.40084	758.79104
POC13004	2	1	1746.73662	675.29104	1749.75866	754.76119
POC13004	3	0	1032.13873	690.41096	833.60308	687.94521
POC13004	3	1	252.79383	705.20548	66.58960	650.95890
POC13004	4	0	1407.54040	474.11194	1572.41973	504.48507
POC13004	4	1	659.71668	436.50746	787.15740	439.87313
POC13004	5	0	769.47977	236.71233	976.64740	240.41096
POC13004	5	1	651.09827	241.64384	834.83622	240.41096
POC13004	6	0	526.55106	277.39726	753.44894	273.69863
POC13004	6	1	416.80154	266.30137	651.09827	270.00000
POC13004	7	0	501.88825	387.12329	799.07514	383.42466
POC13004	7	1	422.96724	385.89041	713.98844	379.72603
POC13004	8	0	451.32948	75.20548	696.72447	87.53425
POC13004	8	1	332.94798	65.34247	586.97495	83.83562
POC13004	9	0	408.16956	181.23288	738.65125	182.46575
POC13004	9	1	320.61657	166.43836	631.36802	177.53425
POC13004	10	0	418.03468	221.91781	670.82852	221.91781
POC13004	10	1	315.68401	215.75342	562.31214	226.84932
POC13004	11	0	170.17341	252.73973	462.42775	255.20548
POC13004	12	0	1170.53515	721.34328	930.78699	739.47761
POC13004	12	1	1541.23820	640.74627	1283.35782	677.01493
POC13004	13	0	945.34208	571.14179	719.98216	566.29104
POC13004	13	1	1122.63484	527.82090	929.50997	542.11194
POC13004	14	0	1690.32529	629.97015	1421.36411	678.77612
POC13004	14	1	1904.88982	586.64925	1707.45016	647.54478
POC13004	15	0	1365.08671	579.45205	1271.36802	610.27397
POC13004	15	1	1584.58574	573.28767	1482.23507	618.90411
POC13004	16	0	1529.09441	493.15068	1605.54913	527.67123
POC13004	16	1	1704.20039	486.98630	1796.68593	530.13699
POC13004	17	0	1511.01784	674.31343	1327.68101	715.69403
POC13004	17	1	1747.74397	646.10448	1566.42183	696.55224
POC13004	18	0	1410.29801	609.85075	1024.04302	633.55970
POC13004	18	1	1693.36201	649.14179	1303.07765	693.00000
POC13004	19	0	1558.55404	348.85821	1296.70199	371.03731
POC13004	19	1	1773.11857	373.03731	1412.54669	402.26866
POC13004	20	0	461.36411	677.67910	496.62120	648.16418
POC13004	20	1	225.64533	710.92537	224.63799	663.27612
POC13004	21	0	1108.07975	654.34328	1036.65687	667.20149
POC13004	21	1	1442.51836	605.98507	1343.89717	635.97015
POC13004	22	0	1772.02312	394.52055	1918.76686	440.13699
POC13004	22	1	1176.41618	315.61644	1235.60694	334.10959
POC24010	0	0	1210.08403	777.69231	753.70948	708.46154
POC24010	1	0	470.20408	710.76923	389.53181	632.30769
POC24010	1	1	769.84394	680.76923	638.46339	611.53846
POC24010	2	0	583.14526	602.30769	548.57143	537.69231
POC24010	3	0	1588.09124	489.23077	1565.04202	408.46154
POC24010	4	0	1293.06122	443.07692	1180.12005	369.23077
POC24010	4	1	1352.98920	484.61538	1223.91357	406.15385
POC24010	4	2	1378.34334	486.92308	1249.26771	408.46154
POC24010	4	3	1415.22209	480.00000	1293.06122	401.53846
POC24010	4	4	1456.71068	480.00000	1327.63505	410.76923
POC24010	5	0	509.38776	385.38462	622.32893	325.38462
POC24010	5	1	1514.33373	507.69231	1406.00240	431.53846
POC24010	6	0	1069.48379	729.23077	709.91597	666.92308
POC24010	6	1	1212.38896	380.76923	940.40816	313.84615
POC24010	7	0	1263.09724	454.61538	1168.59544	380.76923
POC24010	7	1	1592.70108	415.38462	1541.99280	325.38462
POC24010	8	0	666.12245	623.07692	585.45018	549.23077
POC24010	8	1	348.04322	609.23077	352.65306	540.00000
POC24010	9	0	645.37815	452.30769	564.70588	378.46154
POC24010	9	1	995.72629	360.00000	873.56543	293.07692
POC24010	10	0	887.39496	295.38462	827.46699	233.07692
POC24010	10	1	1387.56303	240.00000	1382.95318	143.07692
POC24010	11	0	1588.09124	551.53846	1495.89436	475.38462
POC24010	11	1	1894.64586	581.53846	1788.61945	503.07692
POC24010	12	0	1014.16567	676.15385	783.67347	597.69231
POC24010	12	1	1223.91357	565.38462	1025.69028	500.76923
POC24010	13	0	1203.16927	648.46154	1124.80192	576.92308
POC24010	13	1	1327.63505	530.76923	1283.84154	456.92308
POC24010	14	0	1290.75630	786.92308	875.87035	724.61538
POC24010	14	1	1569.65186	770.76923	1226.21849	710.76923
POC24010	15	0	1281.53661	696.92308	1154.76591	623.07692
POC24010	16	0	1657.23890	733.84615	1316.11044	671.53846
POC24010	17	0	901.22449	724.61538	537.04682	662.30769
POC24010	18	0	1408.30732	533.07692	1456.71068	452.30769
POC24010	19	0	1260.79232	433.84615	1267.70708	364.61538
POC24010	20	0	1385.25810	339.23077	1382.95318	246.92308
POC24010	21	0	1009.55582	371.53846	1037.21489	300.00000
POC24010	22	0	1062.56903	406.15385	1021.08043	325.38462
POC24010	23	0	1069.48379	523.84615	1034.90996	452.30769
POC24010	24	0	905.83433	486.92308	908.13926	420.00000
POC24010	25	0	836.68667	406.15385	845.90636	343.84615
POC24010	26	0	799.80792	300.00000	1092.53301	230.76923
POC24010	27	0	746.79472	537.69231	887.39496	461.53846
POC24010	28	0	599.27971	613.84615	818.24730	540.00000
POC24010	29	0	1230.82833	360.00000	1246.96279	281.53846
POC12007	0	0	1060.26411	930.00000	666.12245	851.53846
POC12007	0	1	1191.64466	943.84615	762.92917	876.92308
POC12007	1	0	557.79112	503.07692	848.21128	431.53846
POC12007	2	0	1767.87515	498.46154	1885.42617	406.15385
POC12007	2	1	1448.64346	465.92308	1598.46339	379.61538
POC12007	3	0	1499.48619	593.53846	1664.15366	515.00000
POC12007	3	1	1295.50060	594.69231	1454.40576	515.00000
POC12007	4	0	1518.94358	493.84615	1782.85714	401.92308
POC12007	4	1	1412.91717	493.69231	1652.62905	404.23077
POC12007	5	0	1553.51741	489.23077	1820.88836	396.92308
POC12007	5	1	1440.57623	484.61538	1689.50780	396.92308
POC12007	6	0	1114.02401	369.84615	1358.81393	283.38462
POC12007	6	1	857.02521	354.84615	1145.60864	275.30769
POC25002	0	0	310.26233	713.28358	36.26443	693.13433
POC25002	1	0	645.35737	772.31121	283.11655	758.71854
POC25002	2	0	728.19060	589.42792	280.64392	585.72082
POC25002	3	0	91.48744	574.59954	247.26336	562.24256
POC25002	4	0	406.96747	679.02985	68.49948	666.94030
POC25002	5	0	1645.53767	610.43478	1390.85641	628.97025
POC25002	6	0	1484.82686	159.17910	1190.68206	143.05970
POC25002	7	0	1172.54984	12.08955	821.99370	16.11940
POC25002	8	0	203.99227	662.33410	4.94527	652.44851
POC25002	9	0	471.43757	687.08955	102.74921	679.02985
POC25002	9	1	961.00735	590.37313	479.49633	578.28358
POC25002	10	0	160.72118	679.63387	29.67160	662.33410
POC25002	11	0	300.18888	306.26866	32.23505	326.41791
POC25002	12	0	237.73347	225.67164	16.11752	253.88060
POC25002	13	0	692.33741	696.93364	390.67611	683.34096
POC25002	13	1	435.18352	495.51487	187.92015	518.99314
POC25002	14	0	809.90556	642.76119	509.71668	636.71642
POC25002	14	1	531.87828	447.31343	292.13012	455.37313
POC25002	15	0	1629.88458	666.94030	1067.78594	656.86567
POC25002	15	1	799.83211	213.58209	658.80378	219.62687
POC25002	16	0	1815.23610	515.82090	1706.44281	525.89552
POC25002	17	0	1314.96537	410.43284	985.96327	421.11940
POC25002	17	1	721.63903	253.26866	427.89402	272.01493
POC25002	18	0	1177.76076	213.58209	921.86359	208.54478
POC25002	18	1	709.10598	31.23134	452.14376	57.42537
POC25002	19	0	417.04092	259.92537	183.33683	282.08955
POC25002	20	0	712.51102	269.95522	483.52571	290.14925
POC25002	20	1	400.23400	133.94776	100.73452	179.32836
POC24008	0	0	827.46699	535.38462	820.55222	523.84615
POC24008	1	0	1594.82473	300.69231	1694.88595	232.69231
POC24008	1	1	1748.10204	292.23077	1858.91957	202.30769
POC24008	2	0	1516.02041	737.61538	1232.62425	727.30769
POC24008	2	1	1630.11405	730.30769	1337.49820	718.07692
POC24008	3	0	1410.61224	516.92308	1166.29052	510.00000
POC24008	4	0	756.01441	632.30769	677.64706	625.38462
POC24008	5	0	1032.60504	722.30769	742.18487	717.69231
POC24008	5	1	1265.40216	544.61538	1094.83794	533.07692
POC24008	6	0	410.27611	856.15385	133.68547	858.46154
POC24008	6	1	696.08643	805.38462	518.60744	803.07692
POC24008	7	0	354.95798	747.69231	200.52821	750.00000
POC24008	8	0	401.05642	678.46154	221.27251	683.07692
POC24008	9	0	82.97719	773.07692	59.92797	768.46154
POC13001	0	0	1428.86598	535.67010	1479.58763	497.31959
POC13001	1	0	94.02062	921.64948	19.79381	896.90722
POC13001	2	0	329.07216	840.00000	76.70103	830.10309
POC13001	2	1	580.20619	775.67010	385.97938	767.01031
POC13001	3	0	684.12371	560.41237	695.25773	556.70103
POC13001	3	1	162.06186	744.74227	134.84536	738.55670
POC13001	4	0	861.03093	723.71134	846.18557	702.68041
POC13001	4	1	613.60825	729.89691	675.46392	711.34021
POC13001	5	0	849.89691	689.07216	512.16495	695.25773
POC13001	5	1	1238.35052	742.26804	765.77320	733.60825
POC13001	6	0	691.03882	735.44776	487.55509	735.44776
POC13001	7	0	994.27597	701.60448	627.45226	710.23134
POC13001	7	1	1339.79538	714.70149	1003.19203	710.23134
POC13001	8	0	1716.47114	935.93284	1079.59182	939.96269
POC13001	8	1	1235.96747	936.94030	548.23924	961.11940
POC13001	9	0	203.48374	572.23881	247.80693	576.26866
POC13001	10	0	741.03093	353.81443	489.89691	368.65979
POC13001	11	0	1816.24344	105.78358	1659.09759	39.29104
POC13001	11	1	1540.23085	62.46269	1406.25393	4.02985
POC13001	12	0	1078.86254	578.57463	883.11333	575.21642
POC13001	12	1	815.94544	526.18657	655.45331	531.89552
POC13001	13	0	1277.31375	294.17910	1144.34418	270.00000
POC13001	13	1	1073.83001	306.26866	940.86044	286.11940
POC13001	14	0	952.94858	521.86567	815.94963	509.77612
POC13001	14	1	751.47954	513.80597	626.56873	511.79104
POC13001	15	0	157.14586	509.77612	56.41133	533.95522
POC13001	15	1	408.98216	521.86567	267.95383	548.05970
POC13001	16	0	531.95876	920.41237	330.30928	872.16495
POC13001	17	0	1480.79748	758.61940	1087.47429	752.61194
POC13001	17	1	895.89297	603.08209	511.44491	596.88806
POC13001	18	0	1291.09129	509.88806	1445.54040	464.61194
POC13001	18	1	1204.45960	521.97761	1339.76915	485.76866
POC13001	19	0	1122.53305	735.19403	706.17314	734.80597
POC13001	19	1	1303.85519	737.20896	801.87093	743.87313
POC13001	20	0	1232.16495	675.46392	1298.96907	655.67010
POC25004	0	0	1172.54984	493.65672	648.73033	533.95522
POC25004	1	0	1573.47324	685.07463	1529.15005	753.58209
POC25004	2	0	1736.66317	735.44776	1652.04617	824.10448
POC25004	3	0	1823.29486	660.89552	1750.76600	759.62687
POC25004	4	0	1885.75026	675.00000	1795.08919	759.62687
POC25004	5	0	64.47009	737.46269	227.66002	735.44776
POC25004	6	0	1508.80063	332.58955	1447.80797	381.75373
POC25004	6	1	1770.71039	282.21642	1706.69570	341.45522
POC25004	7	0	71.52151	480.24254	251.59077	515.35448
POC25004	7	1	254.35467	453.54478	408.23295	494.19776
POC25004	8	0	920.71354	449.32836	1116.13851	477.53731
POC25004	9	0	60.94439	498.76119	237.73347	521.86567
POC25004	10	0	1267.24029	741.49254	886.46380	807.98507
POC25004	10	1	1523.10598	368.73134	1245.07870	445.29851
POC25004	11	0	793.78804	558.13433	691.03882	604.47761
POC25004	11	1	402.93809	586.34328	290.11542	622.61194
POC25004	12	0	328.39454	433.20896	499.64323	457.38806
POC25004	13	0	1484.82686	441.26866	1396.18048	501.71642
POC25004	13	1	1885.75026	429.17910	1778.97167	501.71642
POC25004	14	0	1476.76810	463.43284	1392.15110	519.85075
POC25004	15	0	1780.98636	179.32836	1595.63484	151.11940
POC25004	16	0	1883.73557	243.80597	6.04407	372.76119
POC25004	17	0	1186.65268	40.29851	1001.30115	84.62687
POC25004	18	0	1128.22665	253.88060	1245.07870	278.05970
POC37004	0	0	1452.10084	597.69231	1150.15606	613.84615
POC37004	0	1	1790.92437	572.30769	1530.46819	579.23077
POC37004	1	0	1249.26771	780.00000	1002.64106	791.53846
POC37004	1	1	1265.40216	579.23077	1122.49700	595.38462
POC37004	2	0	1276.92677	747.69231	1087.92317	761.53846
POC37004	2	1	1518.94358	699.23077	1385.25810	713.07692
POC37004	3	0	1240.04802	696.92308	1097.14286	717.69231
POC37004	4	0	348.04322	789.23077	354.95798	773.07692
POC37004	4	1	815.94238	745.38462	767.53902	745.38462
POC37004	5	0	1034.90996	609.23077	970.37215	616.15385
POC37004	5	1	1382.95318	602.30769	1385.25810	613.84615
POC37004	6	0	1067.17887	846.92308	850.51621	851.53846
POC37004	6	1	1297.67107	600.00000	1219.30372	609.23077
POC37004	6	2	1532.77311	530.76923	1514.33373	540.00000
POC37004	6	3	1788.61945	544.61538	1813.97359	549.23077
POC37004	7	0	246.62665	807.69231	318.07923	777.69231
POC37004	7	1	6.91477	223.84615	156.73469	265.38462
POC37004	8	0	486.46098	442.07692	151.35654	447.07692
POC37004	8	1	430.08283	304.92308	91.04442	325.23077
POC13002	0	0	409.40270	812.46575	319.38343	807.53425
POC13002	0	1	155.37572	835.89041	67.82274	813.69863
POC13002	1	0	78.57293	763.65672	4.02938	737.46269
POC13002	1	1	503.67261	677.01493	352.57083	681.04478
POC13002	2	0	80.58762	721.34328	302.20357	701.19403
POC13002	3	0	1011.37461	723.35821	370.70304	717.31343
POC13002	4	0	196.06936	462.32877	441.46435	475.89041
POC13002	5	0	161.17524	469.47761	312.27702	479.55224
POC13002	6	0	918.69885	227.68657	1114.12382	237.76119
POC13002	7	0	1361.93075	531.94030	1462.66527	540.00000
POC13002	7	1	1573.47324	529.92537	1666.14900	544.02985
POC13002	8	0	1133.40818	589.11194	921.13641	593.64179
POC13002	8	1	1365.09759	538.73881	1108.50262	535.20896
POC13002	9	0	1233.51102	836.19403	1094.93809	848.28358
POC13002	9	1	1503.47954	828.13433	1313.53200	851.30597
POC13002	10	0	1402.22455	975.22388	952.94858	999.40299
POC13002	10	1	1124.19727	983.28358	614.48059	979.25373
POC13002	11	0	1278.33473	786.82836	1089.94753	793.88060
POC13002	11	1	1491.89192	694.14179	1339.76915	711.26866
POC13002	12	0	1396.18048	689.10448	1299.47534	697.16418
POC13002	12	1	1871.64743	731.41791	1772.92760	755.59701
POC13002	13	0	1333.72508	658.88060	874.37566	658.88060
POC13002	13	1	799.83211	719.32836	388.83526	707.23881
POC26005	0	0	779.06363	842.30769	414.88595	821.53846
POC26005	0	1	583.14526	897.69231	184.39376	853.84615
POC26005	1	0	513.35054	819.34615	354.63986	782.53846
POC26005	1	1	394.07083	843.00000	223.83553	795.23077
POC26005	2	0	1071.65786	894.34615	695.33493	901.42308
POC26005	2	1	959.29292	898.96154	587.57983	893.92308
POC26005	3	0	1070.74550	819.00000	632.71188	819.00000
POC26005	3	1	785.97839	330.00000	311.16447	330.00000
POC26005	4	0	967.99880	484.15385	848.21128	484.61538
POC26005	4	1	216.66267	634.61538	73.75750	586.15385
POC26005	5	0	1518.94358	766.15385	988.81152	803.07692
POC26005	5	1	467.89916	597.69231	428.71549	581.53846
POC26005	6	0	1834.71789	279.23077	1784.00960	304.61538
POC26005	6	1	378.00720	475.38462	80.67227	473.07692
POC26005	7	0	859.73589	295.38462	926.57863	323.07692
POC26005	7	1	1187.03481	85.38462	1249.26771	96.92308
POC26005	8	0	647.68307	597.69231	583.14526	581.53846
POC26005	8	1	412.58103	604.61538	382.61705	576.92308
POC26005	9	0	1641.10444	556.15385	1532.77311	600.00000
POC26005	9	1	1410.61224	565.38462	1270.01200	597.69231
POC26005	10	0	668.42737	207.69231	649.98800	214.61538
POC26005	10	1	1145.54622	150.00000	1117.88715	156.92308
POC26005	11	0	626.93878	503.07692	721.44058	500.76923
POC26005	11	1	984.20168	461.53846	1083.31333	468.46154
POC26005	12	0	1267.70708	108.46154	1306.89076	117.69231
POC26005	12	1	1599.61585	177.69231	1680.28812	184.61538
POC26005	13	0	1021.08043	791.53846	610.80432	786.92308
POC26005	13	1	580.84034	789.23077	89.89196	752.30769
POC26005	14	0	1532.77311	1033.84615	366.48259	1043.07692
POC26005	14	1	1329.93998	1063.84615	92.19688	1066.15385
POC12009	0	0	1057.54022	610.30769	1264.79112	577.30769
POC12009	0	1	839.72509	601.07692	1060.80552	569.23077
POC12009	1	0	757.69268	760.15385	774.62545	741.84615
POC12009	1	1	678.17287	754.38462	700.86795	732.61538
POC12009	2	0	1054.24010	1030.38462	598.49580	1033.84615
POC12009	2	1	1144.13205	1022.30769	687.23529	1028.07692
POC12009	3	0	831.99280	769.61538	768.57143	756.61538
POC12009	3	1	320.38415	765.84615	145.21008	763.84615
POC12009	4	0	1265.40216	777.69231	1071.78872	770.76923
POC12009	4	1	725.42377	562.38462	641.18607	559.07692
POC12009	5	0	705.30612	646.15385	679.95198	636.92308
POC12009	5	1	352.65306	602.30769	421.80072	597.69231
POC12009	6	0	327.29892	669.23077	481.72869	648.46154
POC12009	6	1	668.42737	662.30769	769.84394	646.15385
POC12009	7	0	1558.12725	267.69231	1604.22569	205.38462
POC12009	7	1	1117.88715	318.46154	1163.98559	281.53846
POC12009	8	0	1429.05162	669.23077	1286.14646	653.07692
POC12009	8	1	790.58824	588.46154	537.04682	593.07692
POC12009	9	0	1498.19928	452.30769	1853.15726	378.07692
POC12009	9	1	1277.18607	485.76923	1605.37815	431.15385
POC12009	10	0	1346.07443	420.00000	1567.34694	371.53846
POC12009	10	1	1582.32893	355.23077	1869.29172	276.92308
POC12009	11	0	1222.91710	493.65672	1583.54669	439.25373
POC12009	11	1	1079.87408	477.53731	1440.50367	419.10448
POC12009	12	0	1529.34214	397.23077	1833.56543	325.61538
POC12009	12	1	1271.19088	423.76923	1522.40096	370.61538
POC12009	13	0	1406.02881	517.23077	1745.97839	460.61538
POC12009	13	1	1175.53661	498.76923	1484.36975	438.69231
POC12009	14	0	758.31933	586.15385	1031.79112	558.92308
POC12009	14	1	539.35174	558.46154	822.04322	534.69231
POC12009	15	0	502.47299	445.38462	773.63986	428.53846
POC12009	15	1	269.67587	470.76923	576.56903	460.84615
POC12009	16	0	1048.32053	329.07692	1336.93037	280.38462
POC12009	16	1	857.01200	291.00000	1152.53661	258.46154
POC12009	17	0	1704.42812	251.86567	1913.95593	161.19403
POC12009	17	1	1353.87198	259.92537	1553.32634	193.43284
POC13007	0	0	138.29532	782.30769	182.08884	766.15385
POC13007	0	1	431.02041	685.38462	458.67947	683.07692
POC13007	1	0	1160.92917	756.07692	1098.28211	738.84615
POC13007	1	1	1293.46218	738.76923	1227.35774	722.69231
POC13007	2	0	170.56423	842.30769	2.30492	819.23077
POC13007	2	1	590.06002	756.92308	431.02041	747.69231
POC13007	3	0	1380.64826	664.61538	1477.45498	636.92308
POC13007	3	1	1108.66747	641.53846	1207.77911	604.61538
POC13007	4	0	908.13926	168.46154	742.18487	177.69231
POC13007	4	1	1134.02161	36.92308	1030.30012	13.84615
POC13007	5	0	543.96158	420.00000	46.09844	450.00000
POC13007	5	1	1074.09364	20.76923	935.79832	0.00000
POC13007	6	0	1154.76591	542.30769	285.81032	581.53846
POC13007	7	0	228.18727	41.53846	46.09844	103.84615
POC13007	8	0	1071.78872	246.92308	813.63745	242.30769
POC13007	9	0	1041.82473	436.15385	587.75510	445.38462
POC13007	10	0	1011.86074	429.23077	562.40096	440.76923
POC13007	11	0	1343.76951	200.76923	963.45738	198.46154
POC13007	11	1	1044.12965	228.46154	693.78151	240.00000
POC13007	12	0	785.97839	34.61538	596.97479	53.07692
POC13007	12	1	306.55462	57.69231	13.82953	117.69231
POC13007	13	0	1765.57023	99.23077	1410.61224	62.30769
POC13007	13	1	1449.79592	87.69231	1122.49700	66.92308
POC13007	14	0	322.68908	387.69231	55.31813	422.30769
POC13007	14	1	679.95198	334.61538	398.75150	364.61538
POC13007	15	0	352.65306	131.53846	23.04922	186.92308
POC13007	15	1	1143.24130	117.69231	836.68667	106.15385
POC38004	0	0	426.41056	863.07692	147.51501	881.53846
POC38004	0	1	546.18607	796.00000	378.00720	821.53846
POC38004	1	0	672.09604	822.69231	371.09244	852.69231
POC38004	1	1	525.73349	860.76923	116.39856	895.38462
POC38004	2	0	841.29652	731.53846	537.04682	786.92308
POC38004	2	1	327.29892	784.61538	20.74430	807.69231
POC38004	3	0	1196.25450	717.69231	532.43697	775.38462
POC38004	4	0	972.67707	445.38462	928.88355	477.69231
POC38004	4	1	260.45618	426.92308	237.40696	477.69231
POC13009	0	0	984.20168	461.53846	785.97839	387.69231
POC13009	0	1	1595.00600	189.23077	1482.06483	43.84615
POC13009	1	0	892.00480	627.69231	723.74550	565.38462
POC13009	1	1	1249.26771	565.38462	1069.48379	498.46154
POC13009	2	0	1691.81273	567.69231	1629.57983	498.46154
POC13009	3	0	1592.70108	662.30769	1650.32413	604.61538
POC13009	3	1	1376.03842	634.61538	1435.96639	576.92308
POC13009	4	0	1143.24130	673.84615	804.41777	623.07692
POC13009	4	1	1772.48499	611.53846	1429.05162	553.84615
POC13009	5	0	993.42137	729.23077	673.03721	678.46154
POC13009	5	1	1221.60864	660.00000	1000.33613	600.00000
POC13009	6	0	493.25330	459.23077	378.00720	399.23077
POC13009	6	1	1032.60504	463.84615	868.95558	392.30769
POC13009	7	0	1701.03241	521.53846	1470.54022	456.92308
POC13009	7	1	1394.47779	463.84615	1260.79232	369.23077
POC13009	8	0	513.99760	701.53846	34.57383	660.00000
POC13009	8	1	785.97839	680.76923	350.34814	634.61538
POC13009	9	0	1382.95318	581.53846	1417.52701	507.69231
POC13009	10	0	1424.44178	634.61538	1424.44178	604.61538
POC13009	10	1	1157.07083	616.15385	1196.25450	535.38462
POC13009	11	0	1346.07443	602.30769	1143.24130	551.53846
POC13009	11	1	1094.83794	542.30769	905.83433	486.92308
POC13009	12	0	1684.89796	565.38462	1728.69148	482.30769
POC13009	12	1	1477.45498	551.53846	1495.89436	475.38462
POC13009	13	0	825.16206	588.46154	537.04682	514.61538
POC13009	13	1	1071.78872	602.30769	804.41777	496.15385
POC13009	14	0	1714.86194	692.30769	1336.85474	650.76923
POC13009	14	1	1454.40576	595.38462	1110.97239	565.38462
POC13009	15	0	1378.34334	401.53846	1339.15966	320.76923
POC13009	15	1	1546.60264	406.15385	1518.94358	279.23077
POC13009	16	0	1581.17647	415.38462	1590.39616	304.61538
POC13009	16	1	1742.52101	456.92308	1726.38655	355.38462
POC13009	17	0	1719.47179	362.30769	1585.78631	258.46154
POC13009	18	0	622.32893	486.92308	656.90276	429.23077
POC13009	19	0	569.31573	703.84615	417.19088	627.69231
POC39002	0	0	1309.19568	911.53846	917.35894	976.15385
POC39002	0	1	1085.61825	953.07692	673.03721	1008.46154
POC39002	1	0	1030.30012	927.69231	560.09604	980.76923
POC39002	1	1	855.12605	983.07692	306.55462	1026.92308
POC39002	2	0	606.19448	858.46154	299.63986	883.84615
POC39002	2	1	474.81393	893.07692	122.16086	909.23077
POC39002	3	0	813.63745	690.00000	569.31573	729.23077
POC39002	3	1	620.02401	789.23077	276.59064	821.53846
POC39002	4	0	938.10324	537.69231	435.63025	593.07692
POC39002	4	1	1578.87155	286.15385	795.19808	369.23077
POC38002	0	0	693.78151	401.53846	546.26651	417.69231
POC38002	0	1	984.20168	376.15385	781.36855	380.76923
POC38002	1	0	633.85354	484.61538	389.53181	498.46154
POC38002	1	1	919.66387	533.07692	668.42737	542.30769
POC38002	2	0	1482.06483	452.30769	1355.29412	456.92308
POC38002	2	1	1205.47419	413.07692	1106.36255	417.69231
POC38002	3	0	1401.39256	646.15385	1060.26411	660.00000
POC38002	3	1	1659.54382	625.38462	1320.72029	636.92308
POC38002	4	0	620.02401	586.15385	875.87035	590.76923
POC38002	4	1	1223.91357	553.84615	1389.86795	565.38462
POC38002	5	0	836.68667	803.07692	603.88956	798.46154
POC38002	5	1	1313.80552	752.30769	1136.32653	768.46154
POC38002	6	0	55.31813	348.46154	16.13445	378.46154
POC38002	6	1	513.99760	376.15385	426.41056	390.00000
POC38002	7	0	1161.68067	819.23077	855.12605	823.84615
POC38002	7	1	1682.59304	579.23077	1661.84874	593.07692
POC38002	8	0	1323.02521	648.46154	1327.63505	664.61538
POC38002	8	1	1569.65186	583.84615	1634.18968	604.61538
POC38002	9	0	354.95798	738.46154	161.34454	731.53846
POC38002	9	1	769.84394	733.84615	578.53541	729.23077
POC38002	10	0	1359.90396	310.69231	1676.83073	304.84615
POC38002	10	1	1524.70588	325.69231	1870.44418	310.61538
POC38002	11	0	433.32533	436.00000	116.39856	453.92308
POC38002	11	1	1104.05762	450.00000	768.69148	460.84615
POC38002	12	0	1219.30372	731.53846	1067.17887	747.69231
POC38002	12	1	1622.66507	634.61538	1578.87155	650.76923
POC38002	13	0	1154.76591	662.30769	797.50300	666.92308
POC38002	13	1	1553.51741	477.69231	1316.11044	480.00000
POC38002	14	0	324.99400	535.38462	133.68547	537.69231
POC38002	14	1	1523.55342	466.15385	1498.19928	470.76923
POC24009	0	0	1081.00840	851.53846	726.05042	853.84615
POC24009	1	0	1083.31333	867.69231	730.66026	870.00000
POC24009	2	0	1083.31333	883.84615	732.96519	888.46154
POC24009	3	0	488.64346	906.92308	202.83313	879.23077
POC24009	4	0	988.81152	480.00000	1057.95918	489.23077
POC24009	5	0	1809.58132	701.39925	1867.61805	729.40299
POC24009	5	1	1442.40399	684.77612	1438.48898	705.22388
POC24009	6	0	1157.07083	263.07692	1018.77551	260.76923
POC24009	6	1	1546.60264	186.92308	1267.70708	173.07692
POC24009	7	0	516.30252	343.84615	721.44058	355.38462
POC24009	8	0	1189.33974	293.07692	1226.21849	290.76923
POC24009	9	0	960.06242	143.07692	879.69028	147.46154
POC24009	9	1	1110.26651	147.30769	1019.52221	150.15385
POC24009	10	0	1110.97239	108.46154	1189.33974	106.15385
POC24009	11	0	921.96879	609.23077	864.34574	606.92308
POC12001	0	0	632.49820	734.61538	502.47299	770.76923
POC12001	0	1	424.67107	759.61538	248.30612	785.07692
POC12001	1	0	218.96759	687.69231	193.61345	708.46154
POC12001	1	1	447.15486	660.00000	419.49580	683.07692
POC12001	2	0	631.54862	653.07692	350.34814	696.92308
POC12001	2	1	331.90876	669.23077	32.26891	699.23077
POC12001	3	0	1329.93998	962.30769	841.29652	1040.76923
POC12001	3	1	1074.09364	960.00000	530.13205	1026.92308
POC12001	4	0	921.96879	632.30769	749.09964	673.84615
POC12001	4	1	693.78151	593.07692	518.60744	634.61538
POC12001	5	0	1002.64106	692.30769	643.07323	747.69231
POC12001	5	1	892.00480	773.07692	387.22689	823.84615
POC12001	6	0	272.40696	348.07692	547.79112	388.69231
POC12001	6	1	48.44538	351.53846	346.87875	397.92308
POC12001	7	0	1339.15966	567.69231	1431.35654	623.07692
POC12001	7	1	1057.95918	544.61538	1110.97239	597.69231
POC12001	8	0	592.36495	507.69231	569.31573	551.53846
POC12001	8	1	195.91837	440.76923	126.77071	480.00000
POC12001	9	0	1415.22209	417.69231	1491.28451	466.15385
POC12001	9	1	1772.48499	396.92308	1876.20648	450.00000
POC12001	10	0	1724.57503	662.91045	1581.53200	745.52239
POC12001	10	1	1148.37356	642.76119	989.21301	699.17910
POC12001	11	0	1299.97599	468.46154	1251.57263	528.46154
POC12001	11	1	737.57503	424.61538	705.30612	470.76923
POC12001	12	0	1551.21248	283.84615	1514.33373	332.30769
POC12001	12	1	1309.19568	270.00000	1265.40216	320.76923
POC12001	13	0	1452.10084	295.38462	1205.47419	350.76923
POC12001	13	1	910.44418	270.00000	700.69628	325.38462
POC12001	14	0	799.80792	140.76923	675.34214	196.15385
POC12001	14	1	304.24970	62.30769	117.55102	143.07692
POC12001	15	0	633.85354	703.84615	901.22449	726.92308
POC12001	15	1	55.31813	761.53846	313.46939	759.23077
POC12001	16	0	746.79472	424.61538	993.42137	461.53846
POC12001	16	1	366.48259	376.15385	613.10924	422.30769
POC11013	0	0	1374.01889	820.07463	1015.40399	822.08955
POC11013	1	0	1479.79014	946.00746	1106.07765	951.04478
POC11013	1	1	1607.72298	936.94030	1235.01784	947.01493
POC11013	2	0	1095.99161	672.98507	983.16894	668.95522
POC11013	2	1	1766.88353	675.00000	1537.20881	656.86567
POC11013	3	0	699.09759	679.02985	819.97901	652.83582
POC11013	3	1	1327.68101	600.44776	1500.94439	566.19403
POC11013	4	0	197.81069	810.61785	1.23632	819.26773
POC11013	5	0	1476.16227	294.09611	1777.82357	207.59725
POC11013	5	1	391.91243	388.00915	514.30779	385.53776
POC11013	6	0	1470.72403	626.64179	1611.75236	588.35821
POC11013	6	1	1061.74187	610.52239	1224.93179	578.28358
POC11013	7	0	483.52571	785.82090	326.37985	781.79104
POC11013	7	1	787.74397	725.37313	598.36306	739.47761
POC11013	8	0	265.93914	707.23881	348.54145	703.20896
POC11013	8	1	481.51102	709.25373	487.55509	701.19403
POC11013	9	0	841.93175	659.86270	829.56858	642.56293
POC11013	9	1	1021.19768	636.38444	1050.86929	617.84897
POC11013	10	0	1342.64005	658.62700	1425.47328	630.20595
POC11013	10	1	1551.57759	657.39130	1646.77399	620.32037
POC11013	11	0	425.29298	600.54920	535.32518	596.84211
POC11013	12	0	1716.00773	490.57208	1758.04250	442.37986
POC11013	13	0	1343.79853	435.22388	1249.10808	400.97015
POC11013	13	1	1611.75236	423.13433	1519.07660	386.86567
POC11013	14	0	1245.41553	709.63433	866.23924	703.27612
POC11013	14	1	1612.08919	554.48507	1426.06191	515.14925
POC11002	0	0	1721.77671	214.61538	1714.86194	189.23077
POC11002	1	0	1223.91357	249.23077	1408.30732	235.38462
POC11002	2	0	809.02761	422.30769	915.05402	440.76923
POC11002	2	1	1320.72029	422.30769	1438.27131	426.92308
POC11002	3	0	1539.68788	570.00000	1373.73349	572.30769
POC11002	3	1	1913.08523	526.15385	1818.58343	526.15385
POC11002	4	0	387.22689	701.53846	189.00360	692.30769
POC11002	4	1	751.40456	699.23077	599.27971	692.30769
POC11002	5	0	938.10324	703.84615	827.46699	706.15385
POC11002	5	1	1182.42497	701.53846	1115.58223	703.84615
POC11002	6	0	1090.22809	498.46154	1352.98920	498.46154
POC11002	7	0	1283.84154	567.69231	1136.32653	583.84615
POC11002	7	1	1576.56663	334.61538	1392.17287	357.69231
POC11002	8	0	875.87035	590.76923	910.44418	595.38462
POC11002	8	1	640.76831	653.07692	659.20768	655.38462
POC11002	9	0	903.52941	440.76923	1041.82473	450.00000
POC11002	9	1	1134.02161	394.61538	1251.57263	401.53846
POC11002	10	0	1369.12365	380.76923	1090.22809	380.76923
POC11002	10	1	1800.14406	489.23077	1641.10444	505.38462
POC11002	11	0	1652.62905	436.15385	1860.07203	424.61538
POC11002	12	0	1046.43457	768.46154	726.05042	770.76923
POC11002	12	1	1346.07443	385.38462	1087.92317	380.76923
POC11002	13	0	649.98800	540.00000	186.69868	546.92308
POC11002	13	1	878.17527	233.07692	606.19448	256.15385
POC11002	14	0	1044.12965	828.46154	705.30612	826.15385
POC11002	14	1	673.03721	666.92308	232.79712	673.84615
POC11002	15	0	1286.14646	676.15385	942.71309	687.69231
POC11002	15	1	1839.32773	346.15385	1648.01921	355.38462
POC11002	16	0	1124.80192	895.38462	820.55222	904.61538
POC11002	16	1	1482.06483	812.30769	1226.21849	833.07692
POC11002	17	0	979.59184	713.07692	809.02761	715.38462
POC11002	17	1	1470.54022	507.69231	1334.54982	512.30769
POC11002	18	0	981.89676	934.61538	633.85354	932.30769
POC11002	18	1	467.89916	526.15385	184.39376	526.15385
POC11002	19	0	956.54262	403.84615	1272.31693	406.15385
POC11002	19	1	1018.77551	392.30769	1341.46459	396.92308
POC11002	20	0	1823.19328	565.38462	1834.71789	586.15385
POC11002	21	0	1329.93998	641.53846	1108.66747	660.00000
POC11002	21	1	1825.49820	486.92308	1758.65546	482.30769
POC11002	22	0	1788.61945	191.53846	1714.86194	175.38462
POC11002	23	0	1809.36375	618.46154	1830.10804	632.30769
POC11002	24	0	1382.95318	399.23077	1293.06122	392.30769
POC11002	24	1	938.10324	489.23077	942.71309	493.84615
POC11002	25	0	467.89916	770.76923	366.48259	754.61538
POC11002	25	1	603.88956	692.30769	567.01080	690.00000
POC11002	25	2	802.11285	673.84615	834.38175	680.76923
POC11002	26	0	509.38776	678.46154	361.87275	687.69231
POC11002	26	1	981.89676	530.76923	726.05042	523.84615
POC11002	27	0	1415.22209	339.23077	1606.53061	339.23077
POC11002	27	1	1696.42257	323.07692	1906.17047	306.92308
POC11002	28	0	1781.70468	263.07692	1558.12725	263.07692
POC11002	28	1	1454.40576	177.69231	1170.90036	170.76923
POC11002	29	0	1237.74310	657.69231	984.20168	666.92308
POC11002	29	1	1475.15006	565.38462	1309.19568	572.30769
POC11002	30	0	1673.37335	856.15385	1486.67467	897.69231
POC11002	30	1	1876.20648	713.07692	1772.48499	745.38462
POC11002	31	0	1406.00240	766.15385	1357.59904	791.53846
POC11002	31	1	1495.89436	650.76923	1521.24850	673.84615
POC11002	32	0	1714.86194	676.15385	1749.43577	701.53846
POC11002	33	0	1705.64226	611.53846	1866.98679	627.69231
POC11002	34	0	1767.87515	572.30769	1887.73109	583.84615
POC11002	35	0	981.89676	625.38462	885.09004	636.92308
POC11002	35	1	1286.14646	643.84615	1182.42497	650.76923
POC11002	36	0	474.81393	150.00000	403.36134	180.00000
POC11002	36	1	993.42137	117.69231	892.00480	129.23077
POC11002	37	0	965.76230	473.07692	898.91957	475.38462
POC11002	37	1	1392.17287	406.15385	1396.78271	408.46154
POC11002	38	0	1253.87755	893.07692	825.16206	902.30769
POC11002	38	1	1539.68788	858.46154	1233.13325	904.61538
POC11002	39	0	871.26050	872.30769	633.85354	865.38462
POC11002	39	1	1032.60504	750.00000	802.11285	745.38462
POC11002	40	0	1094.83794	941.53846	744.48980	939.23077
POC11002	40	1	1394.47779	805.38462	1138.63145	830.76923
POC11002	41	0	206.39376	450.84615	352.31092	465.92308
POC11002	41	1	298.01441	481.42308	441.62665	489.00000
POC11002	41	2	342.96038	539.69231	494.06363	542.65385
POC38005	0	0	1754.04562	443.07692	265.06603	463.84615
POC38005	1	0	532.43697	576.92308	472.50900	558.46154
POC38005	1	1	304.24970	666.92308	161.34454	611.53846
POC38005	2	0	995.72629	579.23077	700.69628	579.23077
POC38005	2	1	804.41777	620.76923	426.41056	606.92308
POC38005	3	0	892.00480	729.23077	484.03361	706.15385
POC38005	3	1	578.53541	606.92308	154.42977	581.53846
POC38005	4	0	1286.14646	650.76923	917.35894	676.15385
POC38005	4	1	1060.26411	588.46154	818.24730	588.46154
POC38005	5	0	928.88355	657.69231	661.51261	653.07692
POC38005	5	1	615.41417	634.61538	396.44658	616.15385
POC38005	6	0	1698.72749	636.92308	1258.48739	678.46154
POC38005	6	1	297.33493	549.23077	216.66267	519.23077
POC38005	7	0	1424.44178	602.30769	1336.85474	639.23077
POC38005	7	1	1906.17047	570.00000	1818.58343	627.69231
POC38005	8	0	1212.38896	403.84615	1311.50060	417.69231
POC38005	8	1	1002.64106	387.69231	1115.58223	396.92308
POC38005	9	0	801.52101	102.11538	1188.51861	108.73077
POC38005	9	1	725.45858	104.42308	1103.23649	109.30769
POC38005	10	0	78.36735	503.07692	135.99040	470.76923
POC38005	11	0	179.78391	154.61538	306.55462	161.53846
POC38005	11	1	1124.80192	108.46154	1115.58223	113.07692
POC13005	0	0	753.49423	618.58209	1067.78594	572.23881
POC13005	1	0	632.61280	630.67164	457.33473	610.52239
POC13005	2	0	72.52886	731.41791	147.07240	725.37313
POC13005	3	0	1136.28541	425.14925	1444.53305	374.77612
POC13005	4	0	145.56139	478.65672	41.30115	439.54478
POC13005	4	1	321.84680	466.56716	237.73347	424.93657
POC13005	5	0	895.88458	296.81343	831.70829	238.17537
POC13005	5	1	1041.94963	268.10075	993.38720	219.03358
POC13005	6	0	1110.09444	282.08955	1031.52151	245.82090
POC13005	7	0	1481.24134	412.28358	1607.72298	359.76119
POC13005	7	1	1703.86464	384.07463	1806.67366	330.54478
POC13005	8	0	616.49528	630.67164	429.12907	600.44776
POC13005	8	1	779.68520	638.73134	572.17209	604.47761
POC13005	9	0	267.95383	681.04478	413.01154	658.88060
POC13005	9	1	656.78909	679.02985	817.96432	634.70149
POC13005	10	0	1158.44701	878.50746	1859.55929	787.83582
POC13005	11	0	1051.66842	763.65672	1496.91501	677.01493
POC13005	12	0	1390.13641	775.74627	1635.92865	695.14925
POC13005	12	1	1543.25289	912.76119	1889.77964	797.91045
POC13005	13	0	1218.88772	751.56716	1456.62120	677.01493
POC13005	13	1	1408.26863	771.71642	1724.57503	691.11940
POC13005	14	0	239.74816	862.38806	503.67261	840.22388
POC13005	14	1	556.05456	812.01493	709.17104	769.70149
POC37003	0	0	810.21969	776.07692	715.44658	763.61538
POC37003	0	1	971.18007	796.07692	858.35174	783.61538
POC37003	1	0	1297.67107	609.23077	862.04082	613.84615
POC37003	2	0	1304.58583	676.15385	892.00480	676.15385
POC37003	3	0	1306.89076	703.84615	908.13926	701.53846
POC37003	4	0	1313.80552	729.23077	908.13926	722.30769
POC37003	5	0	954.23770	570.00000	1184.72989	533.07692
POC37003	5	1	1329.93998	537.69231	1535.07803	496.15385
POC37003	6	0	537.04682	743.07692	532.43697	724.61538
POC37003	6	1	753.70948	662.30769	776.75870	646.15385
POC37003	6	2	972.67707	648.46154	1007.25090	625.38462
POC37003	6	3	1078.70348	662.30769	1099.44778	650.76923
POC37003	7	0	1760.96038	627.69231	1652.62905	595.38462
POC37003	7	1	1472.84514	636.92308	1417.52701	611.53846
POC37003	8	0	1064.87395	325.38462	815.94238	320.76923
POC37003	8	1	643.07323	401.53846	417.19088	422.30769
POC37003	9	0	454.06963	175.38462	271.98079	233.07692
POC37003	9	1	799.80792	327.69231	636.15846	343.84615
POC37003	10	0	6.91477	216.92308	59.92797	270.00000
POC37003	10	1	308.85954	267.69231	258.15126	302.30769
POC37003	11	0	1772.48499	447.69231	1618.05522	410.76923
POC37003	11	1	903.52941	514.61538	1000.33613	486.92308
POC37003	12	0	1140.93637	219.23077	1124.80192	182.30769
POC37003	13	0	703.00120	856.15385	94.50180	872.30769
POC37003	14	0	1018.77551	286.15385	594.66987	286.15385
POC37003	14	1	541.65666	2.30769	80.67227	30.00000
POC37005	0	0	981.89676	544.61538	986.50660	475.38462
POC37005	1	0	1371.42857	526.15385	1200.86435	463.84615
POC37005	2	0	1309.19568	586.15385	1090.22809	512.30769
POC37005	2	1	1140.93637	593.07692	935.79832	533.07692
POC37005	3	0	1392.17287	750.00000	1081.00840	683.07692
POC37005	3	1	1528.16327	673.84615	1272.31693	600.00000
POC37005	4	0	1394.47779	588.46154	1316.11044	519.23077
POC37005	4	1	1514.33373	546.92308	1479.75990	473.07692
POC37005	5	0	1565.04202	646.15385	1431.35654	576.92308
POC37005	6	0	1260.79232	710.76923	1166.29052	627.69231
POC37005	7	0	1313.80552	588.46154	1055.65426	521.53846
POC37005	8	0	1299.97599	429.23077	1272.31693	348.46154
POC37005	8	1	1106.36255	406.15385	1057.95918	330.00000
POC37005	9	0	1424.44178	722.30769	1104.05762	664.61538
POC37005	9	1	1634.18968	715.38462	1334.54982	648.46154
POC37005	10	0	1265.40216	586.15385	963.45738	519.23077
POC37005	10	1	1518.94358	560.76923	1216.99880	480.00000
POC37005	11	0	1016.47059	671.53846	892.00480	600.00000
POC37005	12	0	1606.53061	519.23077	1677.98319	431.53846
POC37005	13	0	1710.25210	567.69231	1694.11765	489.23077
POC37005	14	0	490.94838	593.07692	527.82713	521.53846
POC37005	14	1	675.34214	581.53846	705.30612	503.07692
POC37005	15	0	1581.17647	124.61538	96.80672	80.76923
POC37005	16	0	152.12485	565.38462	329.60384	496.15385
POC37005	16	1	573.92557	544.61538	719.13565	477.69231
POC37005	17	0	242.01681	763.84615	43.79352	685.38462
POC37005	17	1	709.91597	673.84615	509.38776	613.84615
POC37005	18	0	1813.97359	371.53846	1576.56663	272.30769
POC37005	18	1	1352.98920	343.84615	1113.27731	253.84615
POC39001	0	0	950.35294	972.11538	486.96519	961.73077
POC39001	0	1	870.25690	995.76923	376.90516	972.69231
POC39001	1	0	935.47179	789.80769	645.35294	783.11538
POC39001	1	1	819.07323	827.88462	510.51501	810.23077
POC39001	2	0	550.49580	791.50000	539.25450	764.15385
POC39001	2	1	226.65426	781.69231	306.18727	735.92308
POC39001	3	0	433.32533	713.07692	534.74190	690.00000
POC39001	3	1	129.07563	754.61538	292.72509	694.61538
POC39001	4	0	477.11885	450.00000	852.82113	438.46154
POC39001	5	0	926.57863	780.00000	841.29652	786.92308
POC39001	5	1	737.57503	627.69231	592.36495	630.00000
POC39001	6	0	1044.12965	793.84615	636.15846	793.84615
POC39001	6	1	838.99160	498.46154	299.63986	491.53846
POC39001	7	0	1892.34094	925.38462	1177.81513	983.07692
POC39001	7	1	1417.52701	1038.46154	490.94838	1047.69231
POC39001	8	0	790.58824	597.69231	635.22089	592.53846
POC39001	8	1	348.04322	590.76923	112.94118	553.84615
POC39001	9	0	1899.25570	692.30769	1138.63145	743.07692
POC39001	9	1	417.19088	486.92308	232.79712	470.76923
POC12002	0	0	1293.06122	433.84615	1214.69388	450.00000
POC12002	0	1	1007.25090	413.07692	963.45738	422.30769
POC12002	1	0	1355.29412	574.61538	1074.09364	595.38462
POC12002	1	1	1627.27491	597.69231	1320.72029	634.61538
POC12002	2	0	1468.23529	496.15385	1442.88115	528.46154
POC12002	2	1	1652.62905	493.84615	1576.56663	535.38462
POC12002	3	0	1364.51381	463.84615	1251.57263	489.23077
POC12002	4	0	971.73469	538.07692	925.09364	545.57692
POC12002	4	1	1166.50060	545.57692	1110.06363	558.84615
POC12002	5	0	1371.42857	733.84615	1081.00840	768.46154
POC12002	5	1	1537.38295	558.46154	1348.37935	593.07692
POC12002	6	0	970.37215	530.76923	1011.86074	540.00000
POC12002	6	1	1620.36014	406.15385	1869.29172	438.46154
POC12002	7	0	986.50660	456.92308	1182.42497	466.15385
POC12002	7	1	726.05042	463.84615	926.57863	463.84615
POC12002	8	0	1468.23529	729.23077	1129.41176	763.84615
POC12002	8	1	1129.41176	609.23077	965.76230	620.76923
POC12002	9	0	1392.27131	698.23077	1219.53421	738.69231
POC12002	9	1	1557.32653	575.84615	1450.00960	615.61538
POC12002	10	0	1329.93998	563.07692	1191.64466	586.15385
POC12002	10	1	1039.51981	530.76923	961.15246	537.69231
POC12002	11	0	187.27491	363.23077	606.19448	357.69231
POC12002	11	1	46.67467	361.50000	498.10444	355.19231
POC12002	12	0	892.00480	73.84615	896.61465	80.76923
POC12002	12	1	1415.22209	41.53846	1422.13685	39.23077
POC12002	13	0	1060.26411	237.69231	1424.44178	242.30769
POC12002	14	0	1138.63145	325.38462	1551.21248	336.92308
POC12002	15	0	1037.21489	350.76923	1406.00240	366.92308
POC12002	16	0	822.85714	318.46154	1129.41176	323.07692
POC12002	17	0	530.13205	313.84615	769.84394	313.84615
POC12002	18	0	1730.99640	258.46154	1843.93758	276.92308
POC12002	19	0	1749.43577	295.38462	1830.10804	325.38462
POC12002	20	0	1694.11765	309.23077	1744.82593	334.61538
POC12002	21	0	62.23289	263.07692	440.24010	267.69231
POC12002	22	0	1094.83794	346.15385	1265.40216	350.76923
POC12002	23	0	739.87995	251.53846	1106.36255	256.15385
POC12002	24	0	1364.51381	401.53846	1634.18968	429.23077
POC12002	24	1	1654.93397	431.53846	1894.64586	473.07692
POC12002	25	0	815.94238	653.07692	500.16807	636.92308
POC12002	25	1	1136.32653	544.61538	850.51621	553.84615
POC12002	26	0	1233.13325	600.00000	1067.17887	625.38462
POC12002	26	1	1422.13685	496.15385	1325.33013	530.76923
POC11014	0	0	1104.05037	511.79104	1158.44701	459.40299
POC11014	0	1	1331.71039	509.77612	1351.85729	463.43284
POC11014	1	0	1440.50367	616.56716	1547.28227	550.07463
POC11014	1	1	1738.67786	638.73134	1877.69150	570.22388
POC11014	2	0	658.80378	648.80597	628.58342	620.59701
POC11014	3	0	868.33158	648.80597	1353.87198	568.20896
POC11014	3	1	1112.10913	701.19403	1776.95698	610.52239
POC11014	4	0	199.45435	636.71642	100.73452	614.55224
POC11014	4	1	390.84995	636.71642	318.32109	616.56716
POC11014	5	0	1160.46170	554.10448	1085.91815	499.70149
POC11014	5	1	1261.19622	546.04478	1202.77020	495.67164
POC11014	6	0	1712.83237	929.58904	1894.10405	883.97260
POC11014	7	0	710.28902	383.42466	533.94990	352.60274
POC11014	7	1	258.95954	399.45205	62.89017	371.09589
POC11014	8	0	229.67471	511.79104	106.77859	491.64179
POC11014	8	1	707.15635	491.64179	592.31899	451.34328
POC11014	9	0	817.69570	672.70149	1104.54984	621.06716
POC11014	9	1	1499.93704	444.65672	1828.33158	387.14179
POC11014	10	0	767.59706	620.59701	1104.05037	560.14925
POC11014	10	1	1226.94648	511.79104	1678.23715	435.22388
POC11009	0	0	1770.18007	871.15385	1195.89436	822.69231
POC11009	0	1	1607.68307	863.07692	1051.83673	814.61538
POC11009	1	0	640.44178	499.30769	726.60864	429.92308
POC11009	1	1	1104.88355	612.38462	1176.06843	544.15385
POC11009	2	0	885.09004	540.00000	594.66987	477.69231
POC11009	2	1	1477.45498	403.84615	1488.97959	313.84615
POC11009	3	0	407.97119	69.23077	421.80072	27.69231
POC11009	3	1	161.34454	57.69231	202.83313	42.69231
POC11009	4	0	209.74790	168.46154	66.84274	138.46154
POC11009	4	1	343.43337	94.61538	243.16927	64.61538
POC11009	5	0	117.55102	170.76923	62.23289	140.76923
POC11009	5	1	295.03001	50.76923	274.28571	23.07692
POC11009	6	0	108.33133	246.92308	145.21008	214.61538
POC11009	6	1	421.80072	152.30769	412.58103	108.46154
POC11009	7	0	394.14166	152.30769	230.49220	120.00000
POC11009	8	0	387.22689	228.46154	149.81993	193.84615
POC11009	9	0	700.69628	290.76923	320.38415	249.23077
POC11009	10	0	133.68547	283.84615	163.64946	246.92308
POC11009	11	0	820.55222	60.00000	493.25330	13.84615
POC11009	12	0	490.94838	212.30769	177.47899	168.46154
POC11009	13	0	297.33493	249.23077	78.36735	221.53846
POC11009	13	1	596.97479	122.30769	299.63986	78.46154
POC11009	14	0	184.39376	369.23077	218.96759	318.46154
POC11009	14	1	472.50900	159.23077	484.03361	113.07692
POC11009	15	0	410.27611	216.92308	435.63025	175.38462
POC11009	15	1	756.01441	78.46154	772.14886	11.53846
POC11009	16	0	546.26651	246.92308	456.37455	198.46154
POC11009	16	1	781.36855	90.00000	735.27011	27.69231
POC11009	17	0	53.01321	60.00000	324.99400	43.84615
POC11009	18	0	631.54862	66.92308	742.54022	8.07692
POC11009	18	1	444.84994	122.30769	575.43337	79.61538
POC11009	19	0	299.63986	11.53846	165.95438	2.30769
POC11009	19	1	66.84274	96.92308	6.91477	83.07692
POC11011	0	0	1677.98319	293.07692	1272.31693	228.46154
POC11011	1	0	765.23409	694.61538	801.10924	617.65385
POC11011	1	1	989.55942	696.88462	999.90876	622.84615
POC11011	2	0	1030.72989	1019.42308	385.20288	940.96154
POC11011	2	1	1072.79472	1056.34615	374.25450	983.65385
POC11011	3	0	1429.22809	953.65385	817.91837	897.00000
POC11011	3	1	1568.67587	996.34615	903.77671	942.00000
POC11011	4	0	1574.88715	656.23077	1169.76831	594.26923
POC11011	4	1	1788.09244	652.76923	1327.07923	591.38462
POC11011	5	0	1742.52101	786.92308	1461.32053	731.53846
POC11011	5	1	1576.56663	761.53846	1270.01200	694.61538
POC11011	5	2	1228.52341	646.15385	1030.30012	576.92308
POC11011	6	0	1350.68427	733.84615	1203.16927	671.53846
POC11011	6	1	1627.27491	740.76923	1459.01561	678.46154
POC11011	7	0	1488.38295	586.61538	1273.37815	514.96154
POC11011	7	1	1751.72029	644.30769	1492.34574	585.92308
POC11011	8	0	682.25690	780.00000	267.37095	710.76923
POC11011	8	1	903.52941	696.92308	585.45018	623.07692
POC11011	9	0	1055.65426	463.84615	838.99160	399.23077
POC11011	9	1	1302.28091	477.69231	1099.44778	410.76923
POC11011	10	0	1184.72989	715.38462	1030.30012	648.46154
POC11011	10	1	1408.30732	699.23077	1295.36615	625.38462
POC11011	11	0	1526.56903	495.53846	1337.68307	418.57692
POC11011	11	1	1781.83914	541.11538	1580.27611	464.15385
POC11011	12	0	1573.61585	629.61538	1520.46579	560.38462
POC11011	12	1	1725.74070	610.57692	1748.07683	539.61538
POC11011	13	0	738.07323	613.11538	758.14046	547.46154
POC11011	13	1	970.29412	644.26923	935.04322	575.73077
POC11011	14	0	1475.15006	706.15385	875.87035	646.15385
POC11011	14	1	1843.93758	641.53846	1329.93998	579.23077
POC11011	15	0	1193.94958	819.23077	675.34214	768.46154
POC24006	0	0	1498.19928	544.61538	806.72269	565.38462
POC24006	0	1	995.72629	657.69231	43.79352	634.61538
POC24006	1	0	1223.91357	355.38462	1134.02161	371.53846
POC24006	1	1	1387.56303	327.69231	1327.63505	343.84615
POC24006	2	0	1408.30732	410.76923	1475.15006	429.23077
POC24006	2	1	1514.33373	394.61538	1624.96999	415.38462
POC24006	3	0	320.38415	403.84615	311.16447	385.38462
POC24006	3	1	518.60744	399.23077	472.50900	394.61538
POC24006	4	0	915.05402	336.92308	912.74910	343.84615
POC24006	5	0	1834.71789	542.30769	1820.88836	600.00000
POC24006	6	0	1311.50060	556.15385	1219.30372	583.84615
POC24006	6	1	1673.37335	565.38462	1648.01921	616.15385
POC24006	7	0	855.12605	161.53846	1011.86074	168.46154
POC24006	7	1	435.63025	133.84615	592.36495	143.07692
POC24006	8	0	1173.20528	650.76923	979.59184	664.61538
POC11003	0	0	952.20888	385.30769	1007.01200	308.38462
POC11003	0	1	1181.54862	372.61538	1220.21729	292.23077
POC11003	1	0	1180.12005	833.07692	636.15846	770.76923
POC11003	2	0	949.62785	842.30769	454.06963	770.76923
POC11003	2	1	435.63025	738.46154	27.65906	669.23077
POC11003	3	0	841.29652	879.23077	297.33493	807.69231
POC11003	3	1	580.84034	879.23077	110.63625	803.07692
POC11003	3	2	444.84994	900.00000	4.60984	819.23077
POC11003	4	0	1151.27611	212.30769	1365.66627	118.84615
POC11003	4	1	1291.87635	176.53846	1521.24850	69.23077
POC11003	5	0	6.91477	263.07692	126.77071	237.69231
POC11003	5	1	255.84634	249.23077	357.26291	212.30769
POC11003	6	0	1484.36975	228.46154	1641.10444	113.07692
POC11003	6	1	1661.84874	175.38462	1839.32773	50.76923
POC11003	7	0	933.49340	221.53846	1120.19208	140.76923
POC11003	8	0	1226.21849	750.00000	686.86675	687.69231
POC11003	8	1	606.19448	392.30769	186.69868	332.30769
POC11003	9	0	1009.55582	810.00000	594.66987	738.46154
POC11003	9	1	518.60744	743.07692	179.78391	676.15385
POC11003	9	2	428.71549	777.69231	23.04922	703.84615
POC11003	10	0	156.73469	606.92308	39.18367	546.92308
POC11003	11	0	152.12485	641.53846	32.26891	579.23077
POC11003	12	0	1311.50060	703.84615	915.05402	641.53846
POC11003	12	1	714.52581	452.30769	318.07923	415.38462
POC11003	13	0	1124.80192	782.30769	737.57503	724.61538
POC11003	13	1	769.84394	413.07692	341.12845	341.53846
POC11003	14	0	1152.46098	800.76923	652.29292	733.84615
POC11003	14	1	1694.11765	440.76923	968.06723	350.76923
POC11003	15	0	1233.13325	821.53846	788.28331	754.61538
POC11003	16	0	1223.91357	846.92308	703.00120	775.38462
POC11003	17	0	1724.08163	625.38462	1191.64466	558.46154
POC11003	17	1	1090.22809	770.76923	424.10564	692.30769
POC11003	18	0	739.87995	556.15385	357.26291	496.15385
POC11003	19	0	1044.12965	484.61538	527.82713	420.00000
POC11003	20	0	709.91597	692.30769	248.93157	627.69231
POC11003	21	0	610.80432	544.61538	285.81032	486.92308
POC11003	22	0	1853.15726	468.46154	1793.22929	380.76923
POC11003	22	1	1528.16327	426.92308	1389.86795	343.84615
POC11003	23	0	403.36134	336.92308	327.29892	283.84615
POC11003	24	0	384.92197	295.38462	308.85954	249.23077
POC11003	25	0	965.76230	793.84615	541.65666	729.23077
POC11003	25	1	497.86315	560.76923	145.21008	498.46154
POC11003	26	0	995.72629	436.15385	864.34574	376.15385
POC11003	26	1	767.53902	394.61538	608.49940	332.30769
POC11003	27	0	1541.99280	313.84615	1320.72029	230.76923
POC11003	27	1	1180.12005	300.00000	954.23770	223.84615
POC12003	0	0	243.71134	394.63918	440.41237	324.12371
POC12003	0	1	1461.03093	334.02062	1658.96907	227.62887
POC12003	1	0	668.04124	540.61856	562.88660	472.57732
POC12003	1	1	462.68041	539.38144	338.96907	472.57732
POC12003	2	0	1104.74227	209.07216	1404.12371	113.81443
POC12003	2	1	976.08247	206.59794	1271.75258	120.00000
POC12003	3	0	368.68835	425.11940	524.61490	367.03731
POC12003	3	1	564.11333	424.11194	709.96642	356.96269
POC12003	4	0	1178.96907	686.59794	977.31959	624.74227
POC12003	4	1	841.23711	707.62887	627.21649	618.55670
POC12003	5	0	1067.62887	815.25773	728.65979	723.71134
POC12003	5	1	635.87629	718.76289	352.57732	665.56701
POC12003	6	0	1324.94845	810.30928	919.17526	742.26804
POC12003	6	1	1009.48454	905.56701	527.01031	835.05155
POC12003	7	0	958.99265	783.80597	128.94019	707.23881
POC12003	7	1	1098.00630	618.58209	487.55509	540.00000
POC12003	8	0	930.37041	666.01493	534.45226	589.74627
POC12003	8	1	390.84995	354.88806	163.18993	298.20896
POC12003	9	0	1901.86779	751.56716	1456.62120	675.00000
POC12003	9	1	1307.53410	501.71642	1005.33054	396.94030
POC12003	10	0	924.65058	643.64925	678.21931	570.75373
POC12003	10	1	556.96957	594.28358	262.91710	531.37313
POC12003	11	0	1734.64848	440.74627	1851.50052	343.48507
POC12003	11	1	1252.13012	422.61194	1336.74711	342.47761
POC12003	12	0	72.98969	560.41237	92.78351	499.79381
POC12003	12	1	312.98969	545.56701	238.76289	476.28866
POC12003	13	0	275.87629	420.61856	411.95876	362.47423
POC12003	13	1	470.10309	382.26804	593.81443	317.93814
POC12003	14	0	1162.88660	481.23711	851.13402	415.67010
POC12003	14	1	659.38144	415.67010	430.51546	366.18557
POC12003	15	0	629.69072	258.55670	833.81443	195.46392
POC12003	15	1	304.32990	262.26804	505.97938	207.83505
POC12003	16	0	1202.78279	740.35075	876.35572	675.75373
POC12003	16	1	870.75341	355.08209	522.65792	285.91045
POC12003	17	0	1860.56663	364.13433	1907.91186	263.95522
POC12003	17	1	1408.26863	360.10448	1389.12907	274.02985
POC12003	18	0	1092.37113	722.47423	794.22680	663.09278
POC12003	18	1	559.17526	531.95876	223.91753	456.49485
POC12003	19	0	525.83421	207.53731	586.27492	154.14179
POC12003	20	0	1414.31270	761.64179	1048.56978	697.93284
POC12003	20	1	977.45960	531.94030	547.75341	470.79104
POC12003	21	0	1147.56978	737.05970	848.18468	664.92537
POC12003	21	1	805.70934	365.83582	423.08499	316.34328
POC12003	22	0	1208.09864	435.22388	1133.05456	349.58955
POC12003	22	1	938.26023	139.02985	932.59286	49.36567
POC12003	23	0	444.23924	115.85821	363.65163	82.61194
POC12003	23	1	200.46170	65.48507	7.05142	46.34328
POC12003	24	0	1517.92130	195.44776	1635.50157	94.70149
POC12003	24	1	1209.67366	263.95522	1289.98216	180.33582
POC12003	25	0	914.38510	102.76119	1068.98111	37.27612
POC12003	25	1	703.84995	71.52985	884.63694	3.02239
POC12003	26	0	136.99895	217.61194	228.66737	180.33582
POC12003	26	1	534.90031	179.32836	594.33368	128.95522
POC12003	27	0	1047.63903	78.58209	545.98111	30.22388
POC12003	27	1	664.84785	38.28358	48.35257	12.08955
POC12003	28	0	849.89691	192.98969	1094.84536	112.57732
POC12003	28	1	1540.20619	143.50515	1859.38144	1.23711
POC12003	29	0	413.01154	290.14925	705.14166	233.73134
POC12003	29	1	165.20462	243.80597	473.45226	195.44776
POC12003	30	0	1055.69780	217.61194	1315.59286	130.97015
POC12003	30	1	836.09654	193.43284	1091.96222	120.89552
POC12003	31	0	656.78909	276.04478	777.67051	217.61194
POC12003	31	1	304.21826	290.14925	417.04092	241.79104
POC12003	32	0	892.50787	257.91045	1136.28541	177.31343
POC12003	32	1	648.73033	203.50746	906.61070	135.00000
POC12003	33	0	830.05247	280.07463	892.50787	205.52239
POC12003	33	1	503.67261	203.50746	529.86359	147.08955
POC12003	34	0	1089.94753	104.77612	1104.05037	20.14925
POC12003	35	0	670.53200	188.39552	862.63589	123.91791
POC12003	35	1	376.38720	131.97761	629.93914	86.64179
POC12003	36	0	1706.44281	6.04478	1774.94229	8.05970
POC12003	37	0	731.33263	354.62687	1023.46275	280.07463
POC12003	38	0	1633.91396	112.83582	1208.81427	34.25373
POC12003	39	0	638.65687	338.50746	795.80273	272.01493
POC12003	39	1	338.46800	300.22388	487.55509	243.80597
POC12003	40	0	328.39454	165.22388	185.35152	159.17910
POC12003	41	0	130.95488	354.62687	364.65897	308.28358
POC12003	42	0	1607.72298	257.91045	1901.86779	124.92537
POC12003	42	1	1313.57817	241.79104	1555.34103	132.98507
POC12003	43	0	1196.72613	231.71642	1494.90031	128.95522
POC12003	44	0	1186.65268	116.86567	1388.12172	22.16418
POC12003	44	1	906.61070	98.73134	1089.94753	20.14925
POC12003	45	0	914.66946	74.55224	1130.24134	2.01493
POC12003	46	0	1156.70103	337.73196	1371.95876	249.89691
POC12003	46	1	946.39175	309.27835	1165.36082	223.91753
POC12003	47	0	251.83631	213.58209	381.78384	179.32836
POC12003	47	1	42.30850	195.44776	159.16055	181.34328
POC12003	48	0	2.47423	336.49485	267.21649	294.43299
POC12003	48	1	179.38144	357.52577	437.93814	304.32990
POC13008	0	0	935.89182	763.66133	700.99163	759.95423
POC13008	1	0	1915.05473	490.57208	1408.16484	490.57208
POC13008	1	1	1210.35415	432.49428	710.88216	432.49428
POC13008	2	0	1712.48688	185.37313	1861.57398	155.14925
POC13008	2	1	1466.69465	163.20896	1649.02413	145.07463
POC13008	3	0	451.25563	139.63387	395.62138	176.70481
POC13008	3	1	849.34965	190.29748	786.29749	190.29748
POC13008	4	0	786.29749	98.85584	637.93947	122.33410
POC13008	5	0	165.66645	42.01373	128.57695	79.08467
POC13008	6	0	607.92235	19.14179	650.17314	45.33582
POC13008	6	1	800.32529	54.40299	807.31899	72.53731
POC13008	7	0	0.00000	36.26866	20.14690	106.79104
POC13008	7	1	336.45331	60.44776	257.88038	110.82090
POC13008	8	0	459.34942	56.41791	390.84995	92.68657
POC13008	9	0	197.43966	30.22388	64.47009	90.67164
POC13008	9	1	886.46380	108.80597	959.40084	115.85821
POC13008	10	0	801.13329	84.02746	864.18545	96.38444
POC11012	0	0	511.69268	408.46154	548.57143	422.30769
POC11012	0	1	728.35534	429.23077	735.27011	438.46154
POC11012	1	0	792.89316	528.46154	834.38175	537.69231
POC11012	1	1	974.98199	551.53846	998.03121	546.92308
POC11012	2	0	1106.36255	510.00000	880.48019	512.30769
POC11012	2	1	1484.36975	429.23077	1237.74310	426.92308
POC11012	3	0	643.07323	662.30769	739.87995	664.61538
POC11012	4	0	921.96879	710.76923	714.52581	724.61538
POC11012	5	0	767.53902	371.53846	638.46339	380.76923
POC11012	5	1	1044.12965	383.07692	1021.08043	383.07692
POC11012	6	0	1707.94718	625.38462	1802.44898	634.61538
POC11012	7	0	758.31933	706.15385	622.32893	708.46154
POC11012	7	1	951.93277	680.76923	889.69988	685.38462
POC11012	8	0	1468.23529	168.46154	1479.75990	138.46154
POC11012	9	0	767.53902	745.38462	518.60744	733.84615
POC11012	9	1	988.81152	666.92308	887.39496	673.84615
POC11012	10	0	1848.54742	343.84615	1574.26170	348.46154
POC11012	10	1	1565.04202	297.69231	1320.72029	290.76923
POC11012	11	0	1359.90396	627.69231	1163.98559	634.61538
POC11012	11	1	1147.85114	565.38462	1037.21489	572.30769
POC11012	12	0	578.53541	634.61538	265.06603	634.61538
POC11012	12	1	705.30612	526.15385	495.55822	528.46154
POC11012	13	0	802.11285	593.07692	797.50300	595.38462
POC11012	14	0	1701.03241	470.76923	1751.74070	475.38462
POC11012	15	0	1424.44178	641.53846	1187.03481	653.07692
POC11012	16	0	1456.71068	505.38462	1212.38896	516.92308
POC11012	17	0	1062.56903	643.84615	859.73589	655.38462
POC11012	18	0	1233.13325	657.69231	1311.50060	671.53846
POC11012	18	1	712.22089	676.15385	756.01441	676.15385
POC11015	0	0	403.03928	837.80320	165.66645	771.07551
POC11015	1	0	618.15840	1004.62243	9.89053	944.07323
POC11015	2	0	1648.01679	1033.65672	28.20567	1021.56716
POC11015	3	0	1320.38635	756.24714	871.60335	772.31121
POC11015	3	1	1868.07469	507.87185	1413.11011	567.18535
POC11015	4	0	656.78909	473.50746	449.27597	467.46269
POC11015	4	1	902.58132	394.92537	711.18573	396.94030
POC11015	5	0	1118.15320	398.95522	961.00735	402.98507
POC11015	5	1	1424.38615	394.92537	1283.35782	415.07463
POC11015	6	0	1196.72613	521.86567	1154.41763	535.97015
POC11015	6	1	1428.41553	531.94030	1376.03358	564.17910
POC11015	7	0	1486.00944	296.72015	1314.94019	322.19403
POC11015	7	1	1734.14481	257.85075	1514.89822	281.89552
POC11015	8	0	683.19307	507.63806	534.50997	492.88060
POC11015	8	1	970.86884	499.13806	794.90871	502.95522
POC11015	9	0	1518.05352	324.81343	1370.54565	345.91045
POC11015	9	1	1729.59601	301.64179	1474.97377	337.17910
POC11015	10	0	1148.72508	557.65672	1083.18258	570.70149
POC11015	10	1	1337.17314	552.99254	1268.84470	578.59701
POC11015	11	0	846.41763	564.08955	743.01679	557.95522
POC11015	11	1	1082.64008	550.48881	926.85729	559.46642
POC11015	12	0	179.26594	580.77803	1.23632	538.76430
POC11015	12	1	404.27560	526.40732	273.22601	496.75057
POC11015	13	0	1760.51513	349.70252	1263.51578	389.24485
POC11015	13	1	1746.91565	55.60641	1356.23954	67.96339
POC11015	14	0	597.14102	109.97712	723.24533	92.67735
POC11015	15	0	1447.72698	327.45995	1380.96587	313.86728
POC12010	0	0	483.83193	408.00000	401.05642	454.00000
POC12010	0	1	547.21729	402.23077	459.83193	445.92308
POC12010	1	0	926.80912	775.61538	961.71068	818.07692
POC12010	1	1	876.10084	791.76923	919.06963	833.07692
POC12010	2	0	25.35414	602.30769	421.80072	613.84615
POC12010	3	0	1668.76351	177.69231	1864.68187	196.15385
POC12010	3	1	1260.78271	198.46154	1382.95318	221.53846
POC12010	4	0	288.11525	602.30769	527.82713	623.07692
POC12010	4	1	599.27971	586.15385	815.94238	616.15385
POC12010	5	0	1392.17287	545.46154	1589.24370	597.00000
POC12010	5	1	1639.95198	520.07692	1880.81633	579.69231
POC12010	6	0	168.25930	388.46154	424.10564	427.30769
POC12010	6	1	36.87875	382.69231	308.85954	419.23077
POC12010	7	0	311.16447	646.15385	48.40336	683.07692
POC12010	7	1	601.58463	528.46154	407.97119	576.92308
POC12010	8	0	1364.51381	403.84615	1283.84154	447.69231
POC12010	8	1	940.40816	417.69231	945.01801	454.61538
POC12010	9	0	719.13565	466.15385	836.68667	500.76923
POC12010	9	1	497.86315	493.84615	599.27971	523.84615
POC12010	10	0	396.44658	396.00000	569.31573	424.61538
POC12010	10	1	176.32653	408.69231	375.70228	442.23077
POC12010	11	0	845.90636	420.23077	713.37335	465.30769
POC12010	11	1	664.96999	441.00000	555.48619	489.53846
POC12010	12	0	1093.32893	113.07692	1234.65666	137.30769
POC12010	12	1	895.10564	140.76923	1020.29892	177.69231
POC12010	13	0	545.42377	340.61538	827.10084	368.61538
POC12010	13	1	409.43337	325.61538	685.34814	360.53846
POC12010	14	0	719.13565	341.53846	988.98319	376.46154
POC12010	14	1	578.53541	325.38462	851.84034	366.07692
POC12010	15	0	1216.99880	486.92308	656.90276	544.61538
POC12010	15	1	500.16807	703.84615	156.73469	738.46154
POC12010	16	0	1359.90396	678.46154	845.90636	768.46154
POC12010	16	1	751.40456	258.46154	477.11885	304.61538
POC12010	17	0	567.01080	616.15385	758.31933	639.23077
POC12010	17	1	82.97719	646.15385	306.55462	660.00000
POC12010	18	0	523.21729	692.30769	730.66026	710.76923
POC12010	18	1	716.83073	678.46154	935.79832	701.53846
POC26003	0	0	1652.62905	632.30769	1516.63866	600.00000
POC26003	1	0	1138.63145	466.15385	1154.76591	440.76923
POC26003	1	1	1820.88836	484.61538	1774.78992	450.00000
POC26003	2	0	1373.73349	738.46154	1143.24130	724.61538
POC26003	2	1	1641.10444	745.38462	1396.78271	743.07692
POC26003	3	0	1256.18247	690.00000	889.69988	687.69231
POC26003	3	1	1560.43217	664.61538	1161.68067	662.30769
POC26003	4	0	1352.98920	856.15385	998.03121	867.69231
POC26003	4	1	1701.03241	807.69231	1304.58583	800.76923
POC26003	5	0	820.55222	685.38462	636.15846	666.92308
POC26003	5	1	1221.60864	597.69231	1027.99520	581.53846
POC26003	6	0	675.34214	736.15385	474.81393	736.15385
POC26003	7	0	1099.44778	736.15385	511.69268	752.30769
POC26003	8	0	1860.07203	690.00000	1754.04562	666.92308
POC26003	9	0	698.39136	597.69231	880.48019	579.23077
POC26003	10	0	301.94478	655.38462	131.38055	660.00000
POC26003	10	1	1076.39856	657.69231	1000.33613	641.53846
POC26003	11	0	1786.31453	743.07692	1539.68788	733.84615
POC26003	12	0	1210.08403	729.23077	799.80792	733.84615
POC26003	13	0	1219.30372	759.23077	799.80792	759.23077
POC26003	14	0	1203.16927	747.69231	790.58824	745.38462
POC26003	15	0	1216.99880	745.38462	813.63745	745.38462
POC26003	16	0	1701.03241	648.46154	1604.22569	630.00000
POC26003	17	0	1528.16327	484.61538	1463.62545	468.46154
POC26003	17	1	1825.49820	516.92308	1751.74070	507.69231
POC26003	18	0	1689.50780	810.00000	1373.73349	823.84615
POC26003	19	0	1228.52341	738.46154	792.89316	747.69231
POC26003	20	0	1212.38896	733.84615	767.53902	743.07692
POC26001	0	0	852.82113	500.76923	396.44658	450.00000
POC26001	0	1	1376.03842	816.92308	806.72269	747.69231
POC26001	1	0	1401.39256	745.38462	1150.15606	685.38462
POC26001	1	1	970.37215	701.53846	838.99160	634.61538
POC26001	2	0	1053.34934	759.23077	732.96519	692.30769
POC26001	2	1	534.74190	720.00000	283.50540	643.84615
POC26001	3	0	956.54262	696.92308	742.18487	623.07692
POC26001	3	1	732.96519	650.76923	560.09604	583.84615
POC26001	4	0	1295.36615	759.23077	981.89676	696.92308
POC26001	4	1	1083.31333	743.07692	795.19808	671.53846
POC26001	5	0	781.36855	830.76923	368.78752	756.92308
POC26001	5	1	541.65666	819.23077	138.29532	747.69231
POC26001	6	0	1124.80192	833.07692	603.88956	761.53846
POC26001	7	0	1168.59544	786.92308	698.39136	724.61538
POC26001	8	0	1170.90036	803.07692	691.47659	743.07692
POC26001	9	0	1152.46098	773.07692	700.69628	703.84615
POC26001	10	0	797.50300	655.38462	573.92557	579.23077
POC26001	10	1	366.48259	685.38462	87.58703	616.15385
POC26001	11	0	1435.96639	486.92308	868.95558	429.23077
POC26001	11	1	1163.98559	510.00000	555.48619	463.84615
POC26001	12	0	1293.06122	166.15385	1143.24130	78.46154
POC26001	12	1	1106.36255	233.07692	1014.16567	163.84615
POC26001	13	0	1539.68788	433.84615	1382.95318	353.07692
POC26001	13	1	1309.19568	403.84615	1152.46098	336.92308
POC26001	14	0	1696.42257	426.92308	1574.26170	339.23077
POC26001	14	1	1484.36975	399.23077	1373.73349	318.46154
POC26001	15	0	1744.82593	154.61538	1804.75390	16.15385
POC26001	16	0	1581.17647	168.46154	1664.15366	53.07692
POC26001	17	0	1657.23890	454.61538	1500.50420	371.53846
POC26001	18	0	1830.10804	669.23077	1479.75990	604.61538
POC26001	19	0	1687.20288	505.38462	1318.41537	431.53846
POC26001	20	0	1166.29052	810.00000	638.46339	747.69231
POC26001	21	0	1138.63145	803.07692	613.10924	750.00000
POC26001	22	0	1136.32653	819.23077	594.66987	756.92308
POC26001	23	0	1166.29052	791.53846	668.42737	724.61538
POC26001	24	0	1781.70468	514.61538	1376.03842	436.15385
POC26001	25	0	1341.46459	357.69231	1014.16567	293.07692
POC26001	26	0	1525.85834	600.00000	1355.29412	533.07692
POC26001	26	1	290.42017	609.23077	73.75750	544.61538
POC25001	0	0	1053.34934	743.07692	670.73229	680.76923
POC25001	1	0	1154.76591	814.61538	806.72269	752.30769
POC25001	2	0	1060.26411	743.07692	848.21128	671.53846
POC25001	3	0	1104.05762	784.61538	827.46699	724.61538
POC25001	3	1	1396.78271	694.61538	1094.83794	613.84615
POC25001	4	0	1468.23529	664.61538	1309.19568	606.92308
POC25001	4	1	1887.73109	696.92308	1751.74070	636.92308
POC25001	5	0	1283.84154	553.84615	1482.06483	473.07692
POC25001	6	0	205.13806	256.15385	55.31813	219.23077
POC25001	6	1	479.42377	267.69231	324.99400	219.23077
POC25001	7	0	1567.34694	553.84615	1687.20288	480.00000
POC24007	0	0	837.44298	966.76923	374.91236	1008.84615
POC24007	0	1	752.16086	994.84615	251.21489	1034.61538
POC24007	1	0	636.15846	720.00000	297.33493	750.00000
POC24007	2	0	1007.25090	916.15385	472.50900	994.61538
POC24007	2	1	1694.11765	978.46154	926.57863	1066.15385
POC24007	3	0	744.48980	516.92308	567.01080	567.69231
POC24007	3	1	1159.37575	473.07692	901.22449	530.76923
POC24007	4	0	1246.96279	604.61538	723.74550	676.15385
POC24007	4	1	1903.86555	588.46154	1134.02161	673.84615
POC24007	5	0	387.22689	438.46154	539.35174	473.07692
POC24007	5	1	46.09844	420.00000	131.38055	459.23077
POC24007	6	0	555.48619	274.61538	753.70948	313.84615
POC24007	7	0	378.00720	466.15385	179.78391	507.69231
POC24007	8	0	592.36495	470.76923	562.40096	503.07692
POC24007	9	0	617.71909	422.30769	583.14526	466.15385
POC24007	9	1	1048.73950	470.76923	1007.25090	523.84615
POC12006	0	0	393.40206	616.31959	410.10309	590.80412
POC12006	0	1	426.80412	601.47423	454.02062	575.95876
POC12006	1	0	364.32990	689.92784	348.86598	645.85567
POC12006	1	1	394.02062	677.55670	405.15464	637.19588
POC12006	2	0	1355.87629	451.54639	1180.20619	463.91753
POC12006	2	1	1701.03093	493.60825	1396.70103	523.29897
POC12006	3	0	1519.17526	382.26804	1798.76289	411.95876
POC12006	3	1	1228.45361	388.45361	1440.00000	404.53608
POC12006	4	0	941.44330	403.29897	1183.91753	411.95876
POC12006	4	1	736.08247	358.76289	989.69072	364.94845
POC12006	5	0	974.84536	65.56701	1072.57732	69.27835
POC12006	5	1	1489.48454	123.71134	1646.59794	122.47423
POC12006	6	0	776.67261	220.63433	795.81532	224.66418
POC12006	6	1	1191.69885	441.26866	1136.29801	454.36567
POC12006	7	0	302.20357	350.59701	209.52781	346.56716
POC12006	8	0	183.09278	694.02062	2.47423	638.35052
POC12006	8	1	426.80412	455.25773	384.74227	437.93814
POC12006	9	0	562.09864	183.35821	44.32319	159.17910
POC12006	9	1	1277.31375	207.53731	904.59601	213.58209
POC12006	10	0	1247.56139	216.60448	1110.13536	218.61940
POC12006	10	1	838.57922	171.26866	830.09339	175.29851
POC12006	11	0	9.06611	309.29104	313.28437	303.23134
POC12006	11	1	335.44596	271.00746	592.31899	276.02985
POC12006	12	0	620.76915	445.02985	358.61490	436.18657
POC12006	12	1	1306.62854	442.05224	983.23924	446.05224
POC12006	13	0	681.89691	569.50515	876.50515	567.62887
POC12006	13	1	539.62887	576.92784	773.82474	563.29897
POC12006	14	0	235.05155	484.94845	37.11340	456.49485
POC12006	14	1	358.76289	337.73196	303.09278	321.64948
POC12006	15	0	835.05155	264.74227	771.95876	261.03093
POC12006	15	1	638.35052	185.56701	690.30928	188.04124
POC12006	16	0	1174.02062	758.35052	720.00000	755.87629
POC12006	16	1	1197.52577	540.61856	961.23711	545.56701
POC39004	0	0	774.45378	625.38462	654.59784	627.69231
POC39004	0	1	520.91236	574.61538	472.50900	574.61538
POC39004	1	0	848.21128	498.46154	993.42137	512.30769
POC39004	1	1	986.50660	484.61538	1117.88715	489.23077
POC39004	2	0	864.34574	466.15385	693.78151	475.38462
POC39004	2	1	640.76831	456.92308	410.27611	473.07692
POC39004	3	0	1380.64826	666.92308	1189.33974	692.30769
POC39004	3	1	1470.54022	590.76923	1355.29412	618.46154
POC39004	4	0	410.27611	537.69231	412.58103	540.00000
POC39004	5	0	1173.20528	770.76923	742.18487	780.00000
POC39004	6	0	1168.59544	736.15385	707.61104	733.84615
POC39004	7	0	1159.37575	743.07692	703.00120	736.15385
POC39004	8	0	1154.76591	722.30769	700.69628	708.46154
POC39004	9	0	1145.54622	694.61538	693.78151	690.00000
POC39004	10	0	1140.93637	669.23077	696.08643	664.61538
POC39004	11	0	1143.24130	641.53846	691.47659	630.00000
POC39004	12	0	1140.93637	595.38462	693.78151	593.07692
POC39004	13	0	387.22689	595.38462	447.15486	597.69231
POC39004	14	0	1069.48379	519.23077	760.62425	523.84615
POC39004	14	1	583.14526	401.53846	394.14166	413.07692
POC39004	15	0	1417.52701	600.00000	1369.12365	620.76923
POC39004	15	1	1071.78872	570.00000	1000.33613	579.23077
POC39004	16	0	1057.95918	609.23077	1101.75270	613.84615
POC39004	16	1	790.58824	606.92308	776.75870	627.69231
POC39004	17	0	1138.63145	784.61538	603.88956	780.00000
POC39004	18	0	1601.92077	768.46154	1364.51381	789.23077
POC39004	18	1	405.66627	463.84615	407.97119	484.61538
POC39004	19	0	1408.30732	588.46154	1253.87755	602.30769
POC38001	0	0	718.21665	836.47059	424.18605	748.70588
POC38001	0	1	348.08201	787.05882	63.45165	707.52941
POC38001	1	0	1233.13325	664.61538	1396.78271	595.38462
POC38001	1	1	1712.55702	632.30769	1892.34094	546.92308
POC38001	2	0	1281.53661	793.84615	811.33253	731.53846
POC38001	3	0	1272.31693	798.46154	779.06363	731.53846
POC38001	4	0	746.79472	793.84615	350.34814	720.84615
POC38001	4	1	528.98079	841.61538	53.01321	765.84615
POC38001	5	0	1827.80312	560.76923	901.22449	507.69231
POC38001	6	0	1371.42857	424.61538	1495.89436	339.23077
POC38001	6	1	384.92197	346.15385	590.06002	286.15385
POC38001	7	0	1465.93037	753.46154	1452.10084	676.84615
POC38001	7	1	1886.57863	761.53846	1901.56062	701.07692
POC25005	0	0	1052.35174	330.23077	923.22449	335.84615
POC25005	0	1	856.81753	330.61538	736.14166	333.53846
POC25005	1	0	486.33854	858.46154	20.74430	819.23077
POC25005	1	1	534.74190	777.69231	285.81032	752.30769
POC25005	2	0	1124.80192	530.76923	788.28331	537.69231
POC25005	2	1	809.02761	600.00000	649.98800	581.53846
POC25005	3	0	760.62425	470.76923	163.64946	454.61538
POC25005	3	1	767.53902	339.23077	366.48259	339.23077
POC25005	3	2	887.39496	304.61538	548.57143	306.92308
POC25005	3	3	1048.73950	293.07692	788.28331	295.38462
POC25005	4	0	1306.27731	396.84615	553.84274	406.30769
POC25005	4	1	1370.81513	373.38462	662.55822	388.23077
POC25005	5	0	788.28331	272.30769	857.43097	270.00000
POC25005	5	1	1016.47059	228.46154	1117.88715	237.69231
POC25005	6	0	1744.82593	309.23077	1514.33373	334.61538
POC25005	6	1	1429.05162	286.15385	1293.06122	306.92308
POC25005	7	0	1196.25450	438.46154	756.01441	454.61538
POC25005	8	0	926.57863	447.69231	216.66267	440.76923
POC25005	8	1	1240.04802	454.61538	756.01441	447.69231
POC25005	9	0	1270.01200	385.38462	670.73229	390.00000
POC25005	10	0	595.41056	153.30769	477.79352	156.15385
POC25005	10	1	673.77791	195.23077	577.28932	198.84615
POC25005	10	2	690.68067	197.53846	599.18607	203.07692
POC25005	10	3	710.27251	191.00000	636.06483	196.92308
POC25005	10	4	750.99280	177.53846	673.71188	179.23077
POC37002	0	0	670.50420	780.69231	363.68067	814.76923
POC37002	0	1	466.13445	783.76923	154.42977	806.84615
POC37002	1	0	523.21729	643.84615	94.50180	673.84615
POC37002	2	0	631.54862	657.69231	260.45618	694.61538
POC37002	3	0	278.89556	703.84615	32.26891	717.69231
POC37002	4	0	1152.46098	662.30769	873.56543	715.38462
POC37002	4	1	984.20168	703.84615	767.53902	747.69231
POC37002	5	0	622.32893	625.38462	776.75870	657.69231
POC37002	5	1	880.48019	586.15385	1000.33613	623.07692
POC37002	6	0	610.80432	729.23077	735.27011	750.00000
POC37002	6	1	214.35774	736.15385	338.82353	747.69231
POC37002	7	0	606.19448	177.69231	615.41417	235.38462
POC37002	7	1	214.35774	233.07692	269.67587	290.76923
POC13003	0	0	390.90559	747.12329	379.80732	671.91781
POC13003	0	1	44.39306	759.45205	27.12909	673.15068
POC13003	1	0	1106.82057	187.38806	1011.16579	100.74627
POC13003	1	1	1313.32634	131.97761	1199.53935	32.23881
POC13003	2	0	793.53620	225.67164	942.66632	151.11940
POC13003	2	1	935.57188	211.56716	1073.62120	131.97761
POC13003	3	0	1062.96724	547.39726	1006.24277	472.19178
POC13003	3	1	857.03276	565.89041	817.57225	491.91781
POC13003	4	0	737.41811	588.08219	760.84778	515.34247
POC13003	4	1	487.09056	591.78082	572.17726	527.67123
POC13003	5	0	298.17419	511.79104	108.79328	449.32836
POC13003	5	1	580.23085	481.56716	396.89402	421.11940
POC13003	6	0	1093.97692	449.32836	1323.65163	366.71642
POC13003	7	0	1799.15222	923.42466	637.53372	876.57534
POC13003	7	1	1326.85934	872.87671	670.82852	792.73973
POC13003	8	0	28.36224	585.61644	197.30250	650.95890
POC13003	9	0	789.75866	890.59701	38.27912	822.08955
POC13003	10	0	1085.91815	858.35821	759.53830	789.85075
POC13003	10	1	1458.63589	836.19403	1083.90346	779.77612
POC13003	11	0	70.28902	117.12329	373.64162	88.76712
POC13003	11	1	459.96146	176.30137	664.66281	122.05479
POC13003	12	0	1218.34297	664.52055	1314.52794	583.15068
POC13003	12	1	1517.99615	652.19178	1615.41426	581.91781
POC13003	13	0	582.04239	597.94521	668.36224	572.05479
POC12005	0	0	1803.71134	228.86598	1918.76289	129.89691
POC12005	0	1	378.55670	501.03093	361.23711	504.74227
POC12005	1	0	811.54639	710.10309	654.43299	701.44330
POC12005	2	0	1013.38930	894.62687	674.92130	892.61194
POC12005	3	0	906.61070	850.29851	735.36201	844.25373
POC12005	4	0	1157.93814	940.20619	763.29897	940.20619
POC12005	4	1	371.13402	732.37113	243.71134	734.84536
POC12005	5	0	209.07216	492.37113	411.95876	483.71134
POC12005	6	0	102.68041	296.90722	194.22680	322.88660
POC12005	6	1	623.50515	202.88660	716.28866	201.64948
POC12005	7	0	215.25773	444.12371	225.15464	461.44330
POC12005	7	1	624.74227	374.84536	597.52577	371.13402
POC12005	8	0	1088.06086	642.16418	731.33263	647.32090
POC12005	8	1	708.29171	594.81343	481.51102	597.95522
POC12005	9	0	1453.36201	659.00746	1485.07660	629.92537
POC12005	9	1	1175.33473	627.77612	1212.08604	607.76119
POC12005	10	0	1796.09654	787.64179	1511.22350	784.98507
POC12005	10	1	1374.01889	665.73881	1058.92550	668.11940
POC12005	11	0	1054.22980	637.67910	849.58447	637.27612
POC12005	11	1	783.25393	571.18657	652.14481	557.68657
POC12005	12	0	936.49485	616.08247	713.81443	611.13402
POC12005	12	1	512.16495	445.36082	403.29897	457.73196
POC12005	13	0	1421.58447	722.55224	1275.54669	709.79851
POC12005	13	1	1063.97692	608.70896	914.91710	612.07463
POC12005	14	0	1497.87723	655.91045	1470.69255	632.82836
POC12005	14	1	1216.82791	617.62687	1246.05456	593.53731
POC12005	15	0	578.21616	334.47761	400.92340	352.61194
POC12005	15	1	983.16894	203.50746	868.33158	193.43284
POC12005	16	0	1255.15215	429.17910	1177.29066	402.97015
POC12005	16	1	1517.06191	385.00746	1482.51626	348.56716
POC12005	17	0	1286.01154	403.08209	1304.45226	364.00000
POC12005	17	1	1544.89927	329.53731	1575.48793	280.70896
POC12005	18	0	1328.65979	435.46392	1234.63918	407.01031
POC12005	18	1	1068.86598	407.01031	1002.06186	388.45361
POC12004	0	0	928.88355	623.07692	573.92557	623.07692
POC12004	0	1	571.62065	666.92308	182.08884	653.07692
POC12004	1	0	673.03721	632.30769	615.41417	634.61538
POC12004	1	1	331.90876	639.23077	327.29892	636.92308
POC12004	2	0	1661.84874	253.84615	1456.71068	207.69231
POC12004	2	1	995.72629	309.23077	855.12605	316.15385
POC12004	3	0	841.29652	133.84615	862.04082	143.07692
POC12004	3	1	1251.57263	159.23077	1316.11044	143.07692
POC12004	4	0	1747.13085	565.38462	1645.71429	583.84615
POC12004	4	1	1212.38896	516.92308	1140.93637	510.00000
POC12004	5	0	1336.85474	726.92308	1092.53301	731.53846
POC12004	5	1	970.37215	620.76923	719.13565	636.92308
POC12004	6	0	1449.79592	73.84615	1726.38655	30.00000
POC12004	7	0	961.15246	64.61538	1212.38896	60.00000
POC12004	8	0	1385.25810	166.15385	1756.35054	133.84615
POC12004	9	0	1113.27731	87.69231	1500.50420	73.84615
POC12004	10	0	1219.30372	207.69231	1636.49460	186.92308
POC12004	10	1	935.79832	214.61538	1311.50060	210.00000
POC12004	11	0	1468.23529	99.23077	1131.71669	48.46154
POC12004	11	1	1004.94598	175.38462	815.94238	163.84615
POC12004	12	0	986.50660	413.07692	513.99760	417.69231
POC12004	12	1	1431.35654	743.07692	1101.75270	745.38462
POC12004	13	0	580.84034	694.61538	235.10204	680.76923
POC12004	14	0	1274.62185	715.38462	880.48019	722.30769
POC12004	14	1	530.13205	436.15385	248.93157	454.61538
POC12004	15	0	1885.42617	537.69231	1675.67827	583.84615
POC12004	15	1	1140.93637	438.46154	998.03121	443.07692
POC12004	16	0	903.52941	406.15385	751.40456	415.38462
POC12004	16	1	470.20408	249.23077	403.36134	270.00000
POC12004	17	0	1233.13325	932.30769	48.40336	978.46154
POC12004	17	1	1101.75270	676.15385	382.61705	715.38462
POC12004	18	0	910.44418	844.61538	456.37455	840.00000
POC12004	18	1	525.52221	782.30769	214.35774	759.23077
POC12004	19	0	1216.99880	406.15385	1090.22809	392.30769
POC12004	19	1	709.91597	336.92308	516.30252	330.00000
POC12004	20	0	50.70828	623.07692	85.28211	595.38462
POC12004	20	1	198.22329	576.92308	221.27251	563.07692
POC12004	20	2	525.52221	572.30769	463.28932	572.30769
POC12004	20	3	769.84394	639.23077	624.63385	662.30769
POC12004	21	0	795.19808	364.61538	795.19808	376.15385
POC12004	21	1	594.66987	436.15385	567.01080	447.69231
POC12004	22	0	198.22329	267.69231	345.73830	297.69231
POC12004	23	0	391.83673	147.69231	684.56182	177.69231
POC12004	23	1	142.90516	90.00000	435.63025	143.07692
POC12004	24	0	458.67947	237.69231	779.06363	258.46154
POC12004	24	1	179.78391	212.30769	546.26651	246.92308
POC12004	25	0	87.58703	184.61538	424.10564	235.38462
POC12004	25	1	336.51861	147.69231	652.29292	182.30769
POC12004	26	0	735.27011	80.76923	1113.27731	94.61538
POC12004	27	0	1341.46459	110.76923	1313.80552	85.38462
POC12004	27	1	880.48019	163.84615	878.17527	173.07692
POC12004	28	0	1899.25570	360.00000	1788.61945	364.61538
POC12004	28	1	1438.27131	346.15385	1283.84154	343.84615
POC12004	29	0	825.16206	177.69231	760.62425	189.23077
POC12004	29	1	421.80072	154.61538	470.20408	191.53846
POC12004	30	0	193.61345	401.53846	394.14166	426.92308
POC12004	31	0	122.16086	406.15385	209.74790	433.84615
POC12004	32	0	788.28331	392.30769	640.76831	401.53846
POC12004	32	1	1090.22809	330.00000	841.29652	339.23077
POC12004	33	0	1159.37575	546.92308	366.48259	540.00000
POC12004	34	0	822.85714	701.53846	119.85594	685.38462
POC12004	35	0	527.82713	544.61538	205.13806	526.15385
POC12008	0	0	600.77791	837.69231	209.74790	816.92308
POC12008	0	1	530.47779	846.92308	95.65426	825.00000
POC12008	1	0	539.69748	814.61538	324.99400	798.46154
POC12008	1	1	638.80912	801.92308	433.32533	790.38462
POC12008	2	0	1043.32293	915.00000	714.52581	916.15385
POC12008	2	1	911.94238	934.61538	561.24850	928.84615
POC12008	3	0	1120.19208	865.38462	744.62545	876.92308
POC12008	3	1	1040.89916	864.23077	645.51381	861.92308
POC12008	4	0	1030.23529	871.15385	731.65666	873.46154
POC12008	4	1	953.02041	889.61538	644.06963	883.84615
POC12008	5	0	1312.72869	234.23077	1369.21248	223.84615
POC12008	5	1	978.51501	207.69231	1055.74310	213.46154
POC12008	6	0	1134.35654	514.53846	1454.40576	519.23077
POC12008	7	0	412.58103	574.61538	562.40096	576.92308
POC12008	7	1	122.16086	470.76923	380.31212	484.61538
POC12008	8	0	448.30732	567.15385	641.01561	574.23077
POC12008	8	1	231.64466	574.07692	435.87755	577.69231
POC12008	9	0	550.72389	111.92308	807.69268	135.00000
POC12008	9	1	399.75150	94.61538	672.85474	130.38462
POC12008	10	0	1115.58223	867.69231	742.18487	870.00000
POC12008	10	1	615.41417	833.07692	172.86915	819.23077
POC12008	11	0	864.34574	750.00000	730.66026	750.00000
POC12008	11	1	442.54502	664.61538	341.12845	655.38462
POC12008	12	0	270.82833	326.30769	526.90876	352.53846
POC12008	12	1	586.60264	287.07692	824.24370	304.07692
POC12008	13	0	619.90396	361.69231	1007.24490	372.30769
POC12008	13	1	763.96158	383.61538	1160.52221	396.53846
POC11001	0	0	545.23190	673.91791	760.55509	648.37313
POC11001	0	1	798.07555	653.76866	1006.34732	620.16418
POC11001	1	0	1367.97482	664.29851	1407.26128	640.94776
POC11001	1	1	1716.51626	605.86567	1786.02308	571.43284
POC11001	2	0	145.51060	793.97260	337.88054	782.87671
POC11001	2	1	360.07707	776.71233	511.75337	760.68493
POC11001	3	0	276.22351	659.58904	65.35645	663.28767
POC11001	3	1	667.12909	734.79452	468.59345	720.00000
POC11001	4	0	747.28324	547.39726	864.43160	525.20548
POC11001	4	1	358.84393	501.78082	442.69750	506.71233
POC11001	5	0	473.52601	818.63014	276.22351	848.21918
POC11001	6	0	421.73410	733.56164	218.26590	761.91781
POC11001	7	0	1191.26023	873.47015	1217.99580	866.41791
POC11001	7	1	979.71773	877.50000	978.24764	850.29851
POC11001	8	0	1002.09969	843.24627	914.76915	833.17164
POC11001	8	1	1283.14900	790.85821	1215.96537	775.74627
POC11001	9	0	279.03463	502.88060	259.89507	514.03731
POC11001	9	1	659.81112	493.81343	647.72298	504.97015
POC11001	10	0	1150.52023	510.41096	1088.86320	482.05479
POC11001	10	1	896.49326	461.09589	863.19846	463.56164
POC11001	11	0	1750.76600	381.44030	1590.59811	347.11194
POC11001	11	1	1227.95383	357.26119	1120.16789	346.10448
POC11001	12	0	1485.96642	332.90299	1595.63484	272.87313
POC11001	12	1	1283.49003	352.04478	1369.98951	322.23881
POC11001	13	0	1583.35260	526.43836	1747.36031	480.82192
POC11001	13	1	1087.63006	606.57534	1220.80925	594.24658
POC11001	14	0	646.16570	1077.53425	378.57418	1072.60274
POC11001	14	1	118.38150	821.09589	0.00000	842.05479
POC11001	15	0	154.14258	453.69863	9.86513	437.67123
POC11001	16	0	594.33368	553.85075	609.44386	545.97015
POC11001	16	1	150.09444	719.07463	141.02833	702.12687
POC11001	17	0	1581.53200	678.79104	1754.79538	655.85821
POC11001	17	1	1325.66632	703.97761	1401.21721	684.06716
POC11001	18	0	271.98321	902.68657	324.36516	872.46269
POC11001	19	0	546.28131	951.78082	468.59345	972.73973
POC11001	20	0	443.93064	965.34247	447.63006	999.86301
POC11001	21	0	221.96532	786.57534	97.41811	805.06849
POC11001	22	0	1019.80732	943.15068	669.59538	946.84932
POC11001	22	1	462.42775	851.91781	265.12524	863.01370
POC11001	23	0	827.00839	543.56716	565.12067	515.46269
POC11001	23	1	252.82162	96.25373	1.00735	90.67164
POC11001	24	0	381.04046	595.47945	519.15222	552.32877
POC11001	24	1	797.84200	494.38356	938.42004	458.63014
POC37001	0	0	1717.16687	53.07692	1546.60264	23.07692
POC37001	0	1	1424.44178	9.23077	1491.28451	9.23077
POC37001	1	0	567.01080	609.23077	212.05282	595.38462
POC37001	1	1	1034.90996	519.23077	560.09604	533.07692
POC37001	2	0	1387.56303	650.76923	998.03121	678.46154
POC37001	2	1	1903.86555	461.53846	1539.68788	519.23077
POC37001	3	0	1100.11765	586.46154	984.28091	598.38462
POC37001	3	1	1318.70108	574.15385	1169.44298	603.00000
POC37001	4	0	1498.30012	713.00000	1122.51981	747.38462
POC37001	4	1	1675.77911	759.92308	1220.09484	799.69231
POC39003	0	0	1065.77125	781.79104	801.84680	769.70149
POC39003	1	0	1290.02623	727.05970	1328.68835	696.80597
POC39003	1	1	1489.48059	683.73881	1510.01049	655.50000
POC39003	2	0	1917.98531	845.26119	1409.69885	846.45522
POC39003	2	1	1703.42078	801.94030	1238.45016	802.12687
POC39003	3	0	363.47714	905.76659	211.41017	885.99542
POC39003	4	0	1357.90136	531.94030	1176.57922	515.82090
POC39003	5	0	1633.91396	288.13433	1855.52991	199.47761
POC39003	6	0	1490.87093	338.50746	1494.90031	288.13433
POC39003	6	1	1021.44806	564.17910	1019.43337	529.92537
POC39003	7	0	1892.80103	1041.69336	1225.18995	1042.92906
POC39003	7	1	1209.11784	1019.45080	687.39214	1018.21510
POC39003	8	0	453.30535	763.65672	209.52781	735.44776
POC39003	9	0	1285.41658	784.09701	1094.06296	773.17910
POC39003	9	1	1650.07555	766.97015	1430.51626	755.04478
POC39003	10	0	1315.44108	593.13501	1196.75467	577.07094
POC39003	10	1	171.84804	227.36842	196.57437	275.56064
POC39003	11	0	378.31294	606.72769	587.25048	596.84211
POC39003	12	0	347.40502	76.61327	429.00193	112.44851
POC39003	13	0	471.43757	646.79104	404.95278	638.73134
POC39003	14	0	1563.39979	600.44776	42.30850	677.01493
POC11005	0	0	610.80432	969.23077	530.13205	987.69231
POC11005	0	1	815.94238	835.38462	746.79472	867.69231
POC11005	1	0	1666.45858	678.46154	1654.93397	763.84615
POC11005	1	1	1892.34094	685.38462	1887.73109	786.92308
POC11005	2	0	974.98199	625.38462	993.42137	673.84615
POC11005	2	1	1157.07083	579.23077	1228.52341	634.61538
POC11005	3	0	1380.64826	595.38462	1438.27131	664.61538
POC11005	3	1	1615.75030	551.53846	1714.86194	616.15385
POC11005	4	0	1629.57983	611.53846	1541.99280	692.30769
POC11005	4	1	1293.06122	641.53846	1235.43818	701.53846
POC11005	5	0	9.21969	858.46154	66.84274	851.53846
POC11005	5	1	380.31212	798.46154	394.14166	812.30769
POC11005	6	0	875.87035	553.84615	1057.95918	590.76923
POC11005	6	1	739.87995	519.23077	945.01801	556.15385
POC11005	7	0	1062.56903	530.76923	1240.04802	574.61538
POC11005	7	1	921.96879	514.61538	1097.14286	546.92308
POC11005	8	0	1297.67107	535.38462	1523.55342	574.61538
POC11005	9	0	1472.84514	623.07692	1643.40936	678.46154
POC11005	10	0	905.83433	597.69231	1106.36255	627.69231
POC11005	11	0	624.63385	840.00000	596.97479	867.69231
POC11005	11	1	773.09604	817.61538	762.21128	852.38462
POC11005	12	0	1913.95593	469.47761	834.08185	568.20896
POC11005	13	0	511.69268	122.30769	578.53541	193.84615
POC11005	13	1	760.62425	163.84615	924.27371	221.53846
POC11005	14	0	1516.63866	708.46154	1629.57983	791.53846
POC11005	14	1	1346.07443	676.15385	1419.83193	747.69231
POC11005	15	0	378.00720	754.61538	460.98439	768.46154
POC11005	15	1	564.70588	724.61538	675.34214	752.30769
POC11005	16	0	1226.21849	796.15385	903.52941	846.92308
POC11005	16	1	1546.60264	657.69231	1279.23169	729.23077
POC11005	17	0	1251.57263	685.38462	917.35894	750.00000
POC11005	17	1	1595.00600	593.07692	1295.36615	671.53846
POC11005	18	0	368.78752	692.30769	396.44658	710.76923
POC11005	18	1	640.76831	738.46154	606.19448	773.07692
POC11005	19	0	1627.27491	798.46154	1313.80552	872.30769
POC11005	19	1	1682.59304	620.76923	1606.53061	694.61538
POC11005	20	0	211.54250	763.65672	309.34732	773.38433
POC11005	20	1	821.99370	727.38806	906.17838	779.60821
POC11005	21	0	689.17167	747.69231	638.46339	770.76923
POC11005	21	1	384.92197	632.30769	283.50540	646.15385
POC11005	22	0	1419.83193	505.38462	1313.80552	560.76923
POC11005	22	1	905.83433	574.61538	838.99160	616.15385
POC11005	23	0	562.40096	364.61538	500.16807	417.69231
POC11005	23	1	170.56423	302.30769	39.18367	357.69231
POC11005	24	0	1157.07083	565.38462	1120.19208	613.84615
POC11005	24	1	1525.85834	540.00000	1571.95678	602.30769
POC11005	25	0	658.69628	549.69231	792.21489	589.15385
POC11005	25	1	847.31573	570.46154	1009.26170	611.84615
POC26004	0	0	864.34574	646.15385	1140.93637	597.69231
POC26004	1	0	110.63625	454.61538	820.55222	396.92308
POC26004	2	0	576.23049	775.38462	945.01801	729.23077
POC26004	3	0	753.70948	666.92308	880.48019	618.46154
POC26004	3	1	537.04682	660.00000	608.49940	627.69231
POC26004	4	0	1781.70468	770.76923	1846.24250	685.38462
POC26004	4	1	1352.98920	766.15385	1422.13685	713.07692
POC26004	5	0	776.75870	807.69231	903.52941	761.53846
POC26004	5	1	592.36495	763.84615	677.64706	726.92308
POC26004	6	0	826.02308	596.41791	1091.96222	550.07463
POC26004	6	1	116.85205	679.02985	265.93914	658.88060
POC26004	7	0	481.72869	595.38462	555.48619	565.38462
POC26004	7	1	1078.70348	537.69231	1108.66747	486.92308
POC26004	8	0	758.31933	664.61538	1221.60864	616.15385
POC26004	9	0	1143.24130	560.76923	970.37215	530.76923
POC26004	10	0	108.33133	710.76923	200.52821	699.23077
POC26004	11	0	366.48259	376.15385	373.39736	334.61538
POC26004	12	0	313.46939	590.76923	230.49220	556.15385
POC26004	13	0	620.02401	611.53846	730.66026	581.53846
POC26004	14	0	799.80792	357.69231	654.59784	330.00000
POC26004	15	0	719.13565	738.46154	1253.87755	680.76923
POC26004	16	0	1505.11405	496.15385	1445.18607	461.53846
POC26004	16	1	267.37095	600.00000	223.57743	565.38462
POC26004	17	0	709.91597	853.84615	951.93277	816.92308
POC26004	18	0	590.06002	886.15385	802.11285	844.61538
POC26004	19	0	292.72509	796.15385	398.75150	775.38462
